0 1 2
0 2 3
0 3 4
0 4 5
0 5 1
1 6 7
2 7 8
2 8 9
3 9 10
3 10 11
4 11 12
4 12 13
5 13 14
5 14 15
1 15 6
1 7 2
2 9 3
3 11 4
4 13 5
5 15 1
6 16 17
7 17 18
7 18 19
8 19 20
8 20 21
9 21 22
9 22 23
10 23 24
10 24 25
11 25 26
11 26 27
12 27 28
12 28 29
13 29 30
13 30 31
14 31 32
14 32 33
15 33 34
15 34 35
6 35 16
6 17 7
7 19 8
8 21 9
9 23 10
10 25 11
11 27 12
12 29 13
13 31 14
14 33 15
15 35 6
16 36 37
17 37 38
17 38 39
18 39 40
18 40 41
19 41 42
19 42 43
20 43 44
20 44 45
21 45 46
21 46 47
22 47 48
22 48 49
23 49 50
23 50 51
24 51 52
24 52 53
25 53 54
25 54 55
26 55 56
26 56 57
27 57 58
27 58 59
28 59 60
28 60 61
29 61 62
29 62 63
30 63 64
30 64 65
31 65 66
31 66 67
32 67 68
32 68 69
33 69 70
33 70 71
34 71 72
34 72 73
35 73 74
35 74 75
16 75 36
16 37 17
17 39 18
18 41 19
19 43 20
20 45 21
21 47 22
22 49 23
23 51 24
24 53 25
25 55 26
26 57 27
27 59 28
28 61 29
29 63 30
30 65 31
31 67 32
32 69 33
33 71 34
34 73 35
35 75 16
36 76 77
36 77 37
37 77 78
37 78 38
38 78 79
38 79 39
39 79 80
39 80 40
40 80 81
40 81 41
41 81 82
41 82 42
42 82 83
42 83 43
43 83 84
43 84 44
44 84 85
44 85 45
45 85 86
45 86 46
46 86 87
46 87 47
47 87 88
47 88 48
48 88 89
48 89 49
49 89 90
49 90 50
50 90 91
50 91 51
51 91 92
51 92 52
52 92 93
52 93 53
53 93 94
53 94 54
54 94 95
54 95 55
55 95 96
55 96 56
56 96 97
56 97 57
57 97 98
57 98 58
58 98 99
58 99 59
59 99 100
59 100 60
60 100 101
60 101 61
61 101 102
61 102 62
62 102 103
62 103 63
63 103 104
63 104 64
64 104 105
64 105 65
65 105 106
65 106 66
66 106 107
66 107 67
67 107 108
67 108 68
68 108 109
68 109 69
69 109 110
69 110 70
70 110 111
70 111 71
71 111 112
71 112 72
72 112 113
72 113 73
73 113 114
73 114 74
74 114 115
74 115 75
75 115 76
75 76 36
76 116 117
76 117 77
77 117 118
77 118 78
78 118 119
78 119 79
79 119 120
79 120 80
80 120 121
80 121 81
81 121 122
81 122 82
82 122 123
82 123 83
83 123 124
83 124 84
84 124 125
84 125 85
85 125 126
85 126 86
86 126 127
86 127 87
87 127 128
87 128 88
88 128 129
88 129 89
89 129 130
89 130 90
90 130 131
90 131 91
91 131 132
91 132 92
92 132 133
92 133 93
93 133 134
93 134 94
94 134 135
94 135 95
95 135 136
95 136 96
96 136 137
96 137 97
97 137 138
97 138 98
98 138 139
98 139 99
99 139 140
99 140 100
100 140 141
100 141 101
101 141 142
101 142 102
102 142 143
102 143 103
103 143 144
103 144 104
104 144 145
104 145 105
105 145 146
105 146 106
106 146 147
106 147 107
107 147 148
107 148 108
108 148 149
108 149 109
109 149 150
109 150 110
110 150 151
110 151 111
111 151 152
111 152 112
112 152 153
112 153 113
113 153 154
113 154 114
114 154 155
114 155 115
115 155 116
115 116 76
116 156 157
116 157 117
117 157 158
117 158 118
118 158 159
118 159 119
119 159 160
119 160 120
120 160 161
120 161 121
121 161 162
121 162 122
122 162 163
122 163 123
123 163 164
123 164 124
124 164 165
124 165 125
125 165 166
125 166 126
126 166 167
126 167 127
127 167 168
127 168 128
128 168 169
128 169 129
129 169 170
129 170 130
130 170 171
130 171 131
131 171 172
131 172 132
132 172 173
132 173 133
133 173 174
133 174 134
134 174 175
134 175 135
135 175 176
135 176 136
136 176 177
136 177 137
137 177 178
137 178 138
138 178 179
138 179 139
139 179 180
139 180 140
140 180 181
140 181 141
141 181 182
141 182 142
142 182 183
142 183 143
143 183 184
143 184 144
144 184 185
144 185 145
145 185 186
145 186 146
146 186 187
146 187 147
147 187 188
147 188 148
148 188 189
148 189 149
149 189 190
149 190 150
150 190 191
150 191 151
151 191 192
151 192 152
152 192 193
152 193 153
153 193 194
153 194 154
154 194 195
154 195 155
155 195 156
155 156 116
156 196 197
156 197 157
157 197 198
157 198 158
158 198 199
158 199 159
159 199 200
159 200 160
160 200 201
160 201 161
161 201 202
161 202 162
162 202 203
162 203 163
163 203 204
163 204 164
164 204 205
164 205 165
165 205 206
165 206 166
166 206 207
166 207 167
167 207 208
167 208 168
168 208 209
168 209 169
169 209 210
169 210 170
170 210 211
170 211 171
171 211 212
171 212 172
172 212 213
172 213 173
173 213 214
173 214 174
174 214 215
174 215 175
175 215 216
175 216 176
176 216 217
176 217 177
177 217 218
177 218 178
178 218 219
178 219 179
179 219 220
179 220 180
180 220 221
180 221 181
181 221 222
181 222 182
182 222 223
182 223 183
183 223 224
183 224 184
184 224 225
184 225 185
185 225 226
185 226 186
186 226 227
186 227 187
187 227 228
187 228 188
188 228 229
188 229 189
189 229 230
189 230 190
190 230 231
190 231 191
191 231 232
191 232 192
192 232 233
192 233 193
193 233 234
193 234 194
194 234 235
194 235 195
195 235 196
195 196 156
196 236 237
196 237 197
197 237 238
197 238 198
198 238 239
198 239 199
199 239 240
199 240 200
200 240 241
200 241 201
201 241 242
201 242 202
202 242 243
202 243 203
203 243 244
203 244 204
204 244 245
204 245 205
205 245 246
205 246 206
206 246 247
206 247 207
207 247 248
207 248 208
208 248 249
208 249 209
209 249 250
209 250 210
210 250 251
210 251 211
211 251 252
211 252 212
212 252 253
212 253 213
213 253 254
213 254 214
214 254 255
214 255 215
215 255 256
215 256 216
216 256 257
216 257 217
217 257 258
217 258 218
218 258 259
218 259 219
219 259 260
219 260 220
220 260 261
220 261 221
221 261 262
221 262 222
222 262 263
222 263 223
223 263 264
223 264 224
224 264 265
224 265 225
225 265 266
225 266 226
226 266 267
226 267 227
227 267 268
227 268 228
228 268 269
228 269 229
229 269 270
229 270 230
230 270 271
230 271 231
231 271 272
231 272 232
232 272 273
232 273 233
233 273 274
233 274 234
234 274 275
234 275 235
235 275 236
235 236 196
236 276 277
236 277 237
237 277 278
237 278 238
238 278 279
238 279 239
239 279 280
239 280 240
240 280 281
240 281 241
241 281 282
241 282 242
242 282 283
242 283 243
243 283 284
243 284 244
244 284 285
244 285 245
245 285 286
245 286 246
246 286 287
246 287 247
247 287 288
247 288 248
248 288 289
248 289 249
249 289 290
249 290 250
250 290 291
250 291 251
251 291 292
251 292 252
252 292 293
252 293 253
253 293 294
253 294 254
254 294 295
254 295 255
255 295 296
255 296 256
256 296 297
256 297 257
257 297 298
257 298 258
258 298 299
258 299 259
259 299 300
259 300 260
260 300 301
260 301 261
261 301 302
261 302 262
262 302 303
262 303 263
263 303 304
263 304 264
264 304 305
264 305 265
265 305 306
265 306 266
266 306 307
266 307 267
267 307 308
267 308 268
268 308 309
268 309 269
269 309 310
269 310 270
270 310 311
270 311 271
271 311 312
271 312 272
272 312 313
272 313 273
273 313 314
273 314 274
274 314 315
274 315 275
275 315 276
275 276 236
276 316 317
276 317 277
277 317 318
277 318 278
278 318 319
278 319 279
279 319 320
279 320 280
280 320 321
280 321 281
281 321 322
281 322 282
282 322 323
282 323 283
283 323 324
283 324 284
284 324 325
284 325 285
285 325 326
285 326 286
286 326 327
286 327 287
287 327 328
287 328 288
288 328 329
288 329 289
289 329 330
289 330 290
290 330 331
290 331 291
291 331 332
291 332 292
292 332 333
292 333 293
293 333 334
293 334 294
294 334 335
294 335 295
295 335 336
295 336 296
296 336 337
296 337 297
297 337 338
297 338 298
298 338 339
298 339 299
299 339 340
299 340 300
300 340 341
300 341 301
301 341 342
301 342 302
302 342 343
302 343 303
303 343 344
303 344 304
304 344 345
304 345 305
305 345 346
305 346 306
306 346 347
306 347 307
307 347 348
307 348 308
308 348 349
308 349 309
309 349 350
309 350 310
310 350 351
310 351 311
311 351 352
311 352 312
312 352 353
312 353 313
313 353 354
313 354 314
314 354 355
314 355 315
315 355 316
315 316 276
316 356 357
316 357 317
317 357 358
317 358 318
318 358 359
318 359 319
319 359 360
319 360 320
320 360 361
320 361 321
321 361 362
321 362 322
322 362 363
322 363 323
323 363 364
323 364 324
324 364 365
324 365 325
325 365 366
325 366 326
326 366 367
326 367 327
327 367 368
327 368 328
328 368 369
328 369 329
329 369 370
329 370 330
330 370 371
330 371 331
331 371 372
331 372 332
332 372 373
332 373 333
333 373 374
333 374 334
334 374 375
334 375 335
335 375 376
335 376 336
336 376 377
336 377 337
337 377 378
337 378 338
338 378 379
338 379 339
339 379 380
339 380 340
340 380 381
340 381 341
341 381 382
341 382 342
342 382 383
342 383 343
343 383 384
343 384 344
344 384 385
344 385 345
345 385 386
345 386 346
346 386 387
346 387 347
347 387 388
347 388 348
348 388 389
348 389 349
349 389 390
349 390 350
350 390 391
350 391 351
351 391 392
351 392 352
352 392 393
352 393 353
353 393 394
353 394 354
354 394 395
354 395 355
355 395 356
355 356 316
356 396 397
356 397 357
357 397 398
357 398 358
358 398 399
358 399 359
359 399 400
359 400 360
360 400 401
360 401 361
361 401 402
361 402 362
362 402 403
362 403 363
363 403 404
363 404 364
364 404 405
364 405 365
365 405 406
365 406 366
366 406 407
366 407 367
367 407 408
367 408 368
368 408 409
368 409 369
369 409 410
369 410 370
370 410 411
370 411 371
371 411 412
371 412 372
372 412 413
372 413 373
373 413 414
373 414 374
374 414 415
374 415 375
375 415 416
375 416 376
376 416 417
376 417 377
377 417 418
377 418 378
378 418 419
378 419 379
379 419 420
379 420 380
380 420 421
380 421 381
381 421 422
381 422 382
382 422 423
382 423 383
383 423 424
383 424 384
384 424 425
384 425 385
385 425 426
385 426 386
386 426 427
386 427 387
387 427 428
387 428 388
388 428 429
388 429 389
389 429 430
389 430 390
390 430 431
390 431 391
391 431 432
391 432 392
392 432 433
392 433 393
393 433 434
393 434 394
394 434 435
394 435 395
395 435 396
395 396 356
396 436 437
396 437 397
397 437 438
397 438 398
398 438 439
398 439 399
399 439 440
399 440 400
400 440 441
400 441 401
401 441 442
401 442 402
402 442 443
402 443 403
403 443 444
403 444 404
404 444 445
404 445 405
405 445 446
405 446 406
406 446 447
406 447 407
407 447 448
407 448 408
408 448 449
408 449 409
409 449 450
409 450 410
410 450 451
410 451 411
411 451 452
411 452 412
412 452 453
412 453 413
413 453 454
413 454 414
414 454 455
414 455 415
415 455 456
415 456 416
416 456 457
416 457 417
417 457 458
417 458 418
418 458 459
418 459 419
419 459 460
419 460 420
420 460 461
420 461 421
421 461 462
421 462 422
422 462 463
422 463 423
423 463 464
423 464 424
424 464 465
424 465 425
425 465 466
425 466 426
426 466 467
426 467 427
427 467 468
427 468 428
428 468 469
428 469 429
429 469 470
429 470 430
430 470 471
430 471 431
431 471 472
431 472 432
432 472 473
432 473 433
433 473 474
433 474 434
434 474 475
434 475 435
435 475 436
435 436 396
436 476 477
436 477 437
437 477 478
437 478 438
438 478 479
438 479 439
439 479 480
439 480 440
440 480 481
440 481 441
441 481 482
441 482 442
442 482 483
442 483 443
443 483 484
443 484 444
444 484 485
444 485 445
445 485 486
445 486 446
446 486 487
446 487 447
447 487 488
447 488 448
448 488 489
448 489 449
449 489 490
449 490 450
450 490 491
450 491 451
451 491 492
451 492 452
452 492 493
452 493 453
453 493 494
453 494 454
454 494 495
454 495 455
455 495 496
455 496 456
456 496 497
456 497 457
457 497 498
457 498 458
458 498 499
458 499 459
459 499 500
459 500 460
460 500 501
460 501 461
461 501 502
461 502 462
462 502 503
462 503 463
463 503 504
463 504 464
464 504 505
464 505 465
465 505 506
465 506 466
466 506 507
466 507 467
467 507 508
467 508 468
468 508 509
468 509 469
469 509 510
469 510 470
470 510 511
470 511 471
471 511 512
471 512 472
472 512 513
472 513 473
473 513 514
473 514 474
474 514 515
474 515 475
475 515 476
475 476 436
476 516 517
476 517 477
477 517 518
477 518 478
478 518 519
478 519 479
479 519 520
479 520 480
480 520 521
480 521 481
481 521 522
481 522 482
482 522 523
482 523 483
483 523 524
483 524 484
484 524 525
484 525 485
485 525 526
485 526 486
486 526 527
486 527 487
487 527 528
487 528 488
488 528 529
488 529 489
489 529 530
489 530 490
490 530 531
490 531 491
491 531 532
491 532 492
492 532 533
492 533 493
493 533 534
493 534 494
494 534 535
494 535 495
495 535 536
495 536 496
496 536 537
496 537 497
497 537 538
497 538 498
498 538 539
498 539 499
499 539 540
499 540 500
500 540 541
500 541 501
501 541 542
501 542 502
502 542 543
502 543 503
503 543 544
503 544 504
504 544 545
504 545 505
505 545 546
505 546 506
506 546 547
506 547 507
507 547 548
507 548 508
508 548 549
508 549 509
509 549 550
509 550 510
510 550 551
510 551 511
511 551 552
511 552 512
512 552 553
512 553 513
513 553 554
513 554 514
514 554 555
514 555 515
515 555 516
515 516 476
516 556 557
516 557 517
517 557 558
517 558 518
518 558 559
518 559 519
519 559 560
519 560 520
520 560 561
520 561 521
521 561 562
521 562 522
522 562 563
522 563 523
523 563 564
523 564 524
524 564 565
524 565 525
525 565 566
525 566 526
526 566 567
526 567 527
527 567 568
527 568 528
528 568 569
528 569 529
529 569 570
529 570 530
530 570 571
530 571 531
531 571 572
531 572 532
532 572 573
532 573 533
533 573 574
533 574 534
534 574 575
534 575 535
535 575 576
535 576 536
536 576 577
536 577 537
537 577 578
537 578 538
538 578 579
538 579 539
539 579 580
539 580 540
540 580 581
540 581 541
541 581 582
541 582 542
542 582 583
542 583 543
543 583 584
543 584 544
544 584 585
544 585 545
545 585 586
545 586 546
546 586 587
546 587 547
547 587 588
547 588 548
548 588 589
548 589 549
549 589 590
549 590 550
550 590 591
550 591 551
551 591 592
551 592 552
552 592 593
552 593 553
553 593 594
553 594 554
554 594 595
554 595 555
555 595 556
555 556 516
556 596 597
556 597 557
557 597 598
557 598 558
558 598 599
558 599 559
559 599 600
559 600 560
560 600 601
560 601 561
561 601 602
561 602 562
562 602 603
562 603 563
563 603 604
563 604 564
564 604 605
564 605 565
565 605 606
565 606 566
566 606 607
566 607 567
567 607 608
567 608 568
568 608 609
568 609 569
569 609 610
569 610 570
570 610 611
570 611 571
571 611 612
571 612 572
572 612 613
572 613 573
573 613 614
573 614 574
574 614 615
574 615 575
575 615 616
575 616 576
576 616 617
576 617 577
577 617 618
577 618 578
578 618 619
578 619 579
579 619 620
579 620 580
580 620 621
580 621 581
581 621 622
581 622 582
582 622 623
582 623 583
583 623 624
583 624 584
584 624 625
584 625 585
585 625 626
585 626 586
586 626 627
586 627 587
587 627 628
587 628 588
588 628 629
588 629 589
589 629 630
589 630 590
590 630 631
590 631 591
591 631 632
591 632 592
592 632 633
592 633 593
593 633 634
593 634 594
594 634 635
594 635 595
595 635 596
595 596 556
596 636 637
596 637 597
597 637 638
597 638 598
598 638 639
598 639 599
599 639 640
599 640 600
600 640 641
600 641 601
601 641 642
601 642 602
602 642 643
602 643 603
603 643 644
603 644 604
604 644 645
604 645 605
605 645 646
605 646 606
606 646 647
606 647 607
607 647 648
607 648 608
608 648 649
608 649 609
609 649 650
609 650 610
610 650 651
610 651 611
611 651 652
611 652 612
612 652 653
612 653 613
613 653 654
613 654 614
614 654 655
614 655 615
615 655 656
615 656 616
616 656 657
616 657 617
617 657 658
617 658 618
618 658 659
618 659 619
619 659 660
619 660 620
620 660 661
620 661 621
621 661 662
621 662 622
622 662 663
622 663 623
623 663 664
623 664 624
624 664 665
624 665 625
625 665 666
625 666 626
626 666 667
626 667 627
627 667 668
627 668 628
628 668 669
628 669 629
629 669 670
629 670 630
630 670 671
630 671 631
631 671 672
631 672 632
632 672 673
632 673 633
633 673 674
633 674 634
634 674 675
634 675 635
635 675 636
635 636 596
636 676 677
636 677 637
637 677 678
637 678 638
638 678 679
638 679 639
639 679 680
639 680 640
640 680 681
640 681 641
641 681 682
641 682 642
642 682 683
642 683 643
643 683 684
643 684 644
644 684 685
644 685 645
645 685 686
645 686 646
646 686 687
646 687 647
647 687 688
647 688 648
648 688 689
648 689 649
649 689 690
649 690 650
650 690 691
650 691 651
651 691 692
651 692 652
652 692 693
652 693 653
653 693 694
653 694 654
654 694 695
654 695 655
655 695 696
655 696 656
656 696 697
656 697 657
657 697 698
657 698 658
658 698 699
658 699 659
659 699 700
659 700 660
660 700 701
660 701 661
661 701 702
661 702 662
662 702 703
662 703 663
663 703 704
663 704 664
664 704 705
664 705 665
665 705 706
665 706 666
666 706 707
666 707 667
667 707 708
667 708 668
668 708 709
668 709 669
669 709 710
669 710 670
670 710 711
670 711 671
671 711 712
671 712 672
672 712 713
672 713 673
673 713 714
673 714 674
674 714 715
674 715 675
675 715 676
675 676 636
