0 1 2
0 2 3
0 3 4
0 4 5
0 5 1
1 6 7
2 7 8
2 8 9
3 9 10
3 10 11
4 11 12
4 12 13
5 13 14
5 14 15
1 15 6
1 7 2
2 9 3
3 11 4
4 13 5
5 15 1
6 16 17
7 17 18
7 18 19
8 19 20
8 20 21
9 21 22
9 22 23
10 23 24
10 24 25
11 25 26
11 26 27
12 27 28
12 28 29
13 29 30
13 30 31
14 31 32
14 32 33
15 33 34
15 34 35
6 35 16
6 17 7
7 19 8
8 21 9
9 23 10
10 25 11
11 27 12
12 29 13
13 31 14
14 33 15
15 35 6
16 36 37
17 37 38
17 38 39
18 39 40
18 40 41
19 41 42
19 42 43
20 43 44
20 44 45
21 45 46
21 46 47
22 47 48
22 48 49
23 49 50
23 50 51
24 51 52
24 52 53
25 53 54
25 54 55
26 55 56
26 56 57
27 57 58
27 58 59
28 59 60
28 60 61
29 61 62
29 62 63
30 63 64
30 64 65
31 65 66
31 66 67
32 67 68
32 68 69
33 69 70
33 70 71
34 71 72
34 72 73
35 73 74
35 74 75
16 75 36
16 37 17
17 39 18
18 41 19
19 43 20
20 45 21
21 47 22
22 49 23
23 51 24
24 53 25
25 55 26
26 57 27
27 59 28
28 61 29
29 63 30
30 65 31
31 67 32
32 69 33
33 71 34
34 73 35
35 75 16
36 76 77
37 77 78
37 78 79
38 79 80
38 80 81
39 81 82
39 82 83
40 83 84
40 84 85
41 85 86
41 86 87
42 87 88
42 88 89
43 89 90
43 90 91
44 91 92
44 92 93
45 93 94
45 94 95
46 95 96
46 96 97
47 97 98
47 98 99
48 99 100
48 100 101
49 101 102
49 102 103
50 103 104
50 104 105
51 105 106
51 106 107
52 107 108
52 108 109
53 109 110
53 110 111
54 111 112
54 112 113
55 113 114
55 114 115
56 115 116
56 116 117
57 117 118
57 118 119
58 119 120
58 120 121
59 121 122
59 122 123
60 123 124
60 124 125
61 125 126
61 126 127
62 127 128
62 128 129
63 129 130
63 130 131
64 131 132
64 132 133
65 133 134
65 134 135
66 135 136
66 136 137
67 137 138
67 138 139
68 139 140
68 140 141
69 141 142
69 142 143
70 143 144
70 144 145
71 145 146
71 146 147
72 147 148
72 148 149
73 149 150
73 150 151
74 151 152
74 152 153
75 153 154
75 154 155
36 155 76
36 77 37
37 79 38
38 81 39
39 83 40
40 85 41
41 87 42
42 89 43
43 91 44
44 93 45
45 95 46
46 97 47
47 99 48
48 101 49
49 103 50
50 105 51
51 107 52
52 109 53
53 111 54
54 113 55
55 115 56
56 117 57
57 119 58
58 121 59
59 123 60
60 125 61
61 127 62
62 129 63
63 131 64
64 133 65
65 135 66
66 137 67
67 139 68
68 141 69
69 143 70
70 145 71
71 147 72
72 149 73
73 151 74
74 153 75
75 155 36
76 156 157
76 157 77
77 157 158
77 158 78
78 158 159
78 159 79
79 159 160
79 160 80
80 160 161
80 161 81
81 161 162
81 162 82
82 162 163
82 163 83
83 163 164
83 164 84
84 164 165
84 165 85
85 165 166
85 166 86
86 166 167
86 167 87
87 167 168
87 168 88
88 168 169
88 169 89
89 169 170
89 170 90
90 170 171
90 171 91
91 171 172
91 172 92
92 172 173
92 173 93
93 173 174
93 174 94
94 174 175
94 175 95
95 175 176
95 176 96
96 176 177
96 177 97
97 177 178
97 178 98
98 178 179
98 179 99
99 179 180
99 180 100
100 180 181
100 181 101
101 181 182
101 182 102
102 182 183
102 183 103
103 183 184
103 184 104
104 184 185
104 185 105
105 185 186
105 186 106
106 186 187
106 187 107
107 187 188
107 188 108
108 188 189
108 189 109
109 189 190
109 190 110
110 190 191
110 191 111
111 191 192
111 192 112
112 192 193
112 193 113
113 193 194
113 194 114
114 194 195
114 195 115
115 195 196
115 196 116
116 196 197
116 197 117
117 197 198
117 198 118
118 198 199
118 199 119
119 199 200
119 200 120
120 200 201
120 201 121
121 201 202
121 202 122
122 202 203
122 203 123
123 203 204
123 204 124
124 204 205
124 205 125
125 205 206
125 206 126
126 206 207
126 207 127
127 207 208
127 208 128
128 208 209
128 209 129
129 209 210
129 210 130
130 210 211
130 211 131
131 211 212
131 212 132
132 212 213
132 213 133
133 213 214
133 214 134
134 214 215
134 215 135
135 215 216
135 216 136
136 216 217
136 217 137
137 217 218
137 218 138
138 218 219
138 219 139
139 219 220
139 220 140
140 220 221
140 221 141
141 221 222
141 222 142
142 222 223
142 223 143
143 223 224
143 224 144
144 224 225
144 225 145
145 225 226
145 226 146
146 226 227
146 227 147
147 227 228
147 228 148
148 228 229
148 229 149
149 229 230
149 230 150
150 230 231
150 231 151
151 231 232
151 232 152
152 232 233
152 233 153
153 233 234
153 234 154
154 234 235
154 235 155
155 235 156
155 156 76
156 236 237
156 237 157
157 237 238
157 238 158
158 238 239
158 239 159
159 239 240
159 240 160
160 240 241
160 241 161
161 241 242
161 242 162
162 242 243
162 243 163
163 243 244
163 244 164
164 244 245
164 245 165
165 245 246
165 246 166
166 246 247
166 247 167
167 247 248
167 248 168
168 248 249
168 249 169
169 249 250
169 250 170
170 250 251
170 251 171
171 251 252
171 252 172
172 252 253
172 253 173
173 253 254
173 254 174
174 254 255
174 255 175
175 255 256
175 256 176
176 256 257
176 257 177
177 257 258
177 258 178
178 258 259
178 259 179
179 259 260
179 260 180
180 260 261
180 261 181
181 261 262
181 262 182
182 262 263
182 263 183
183 263 264
183 264 184
184 264 265
184 265 185
185 265 266
185 266 186
186 266 267
186 267 187
187 267 268
187 268 188
188 268 269
188 269 189
189 269 270
189 270 190
190 270 271
190 271 191
191 271 272
191 272 192
192 272 273
192 273 193
193 273 274
193 274 194
194 274 275
194 275 195
195 275 276
195 276 196
196 276 277
196 277 197
197 277 278
197 278 198
198 278 279
198 279 199
199 279 280
199 280 200
200 280 281
200 281 201
201 281 282
201 282 202
202 282 283
202 283 203
203 283 284
203 284 204
204 284 285
204 285 205
205 285 286
205 286 206
206 286 287
206 287 207
207 287 288
207 288 208
208 288 289
208 289 209
209 289 290
209 290 210
210 290 291
210 291 211
211 291 292
211 292 212
212 292 293
212 293 213
213 293 294
213 294 214
214 294 295
214 295 215
215 295 296
215 296 216
216 296 297
216 297 217
217 297 298
217 298 218
218 298 299
218 299 219
219 299 300
219 300 220
220 300 301
220 301 221
221 301 302
221 302 222
222 302 303
222 303 223
223 303 304
223 304 224
224 304 305
224 305 225
225 305 306
225 306 226
226 306 307
226 307 227
227 307 308
227 308 228
228 308 309
228 309 229
229 309 310
229 310 230
230 310 311
230 311 231
231 311 312
231 312 232
232 312 313
232 313 233
233 313 314
233 314 234
234 314 315
234 315 235
235 315 236
235 236 156
236 316 317
236 317 237
237 317 318
237 318 238
238 318 319
238 319 239
239 319 320
239 320 240
240 320 321
240 321 241
241 321 322
241 322 242
242 322 323
242 323 243
243 323 324
243 324 244
244 324 325
244 325 245
245 325 326
245 326 246
246 326 327
246 327 247
247 327 328
247 328 248
248 328 329
248 329 249
249 329 330
249 330 250
250 330 331
250 331 251
251 331 332
251 332 252
252 332 333
252 333 253
253 333 334
253 334 254
254 334 335
254 335 255
255 335 336
255 336 256
256 336 337
256 337 257
257 337 338
257 338 258
258 338 339
258 339 259
259 339 340
259 340 260
260 340 341
260 341 261
261 341 342
261 342 262
262 342 343
262 343 263
263 343 344
263 344 264
264 344 345
264 345 265
265 345 346
265 346 266
266 346 347
266 347 267
267 347 348
267 348 268
268 348 349
268 349 269
269 349 350
269 350 270
270 350 351
270 351 271
271 351 352
271 352 272
272 352 353
272 353 273
273 353 354
273 354 274
274 354 355
274 355 275
275 355 356
275 356 276
276 356 357
276 357 277
277 357 358
277 358 278
278 358 359
278 359 279
279 359 360
279 360 280
280 360 361
280 361 281
281 361 362
281 362 282
282 362 363
282 363 283
283 363 364
283 364 284
284 364 365
284 365 285
285 365 366
285 366 286
286 366 367
286 367 287
287 367 368
287 368 288
288 368 369
288 369 289
289 369 370
289 370 290
290 370 371
290 371 291
291 371 372
291 372 292
292 372 373
292 373 293
293 373 374
293 374 294
294 374 375
294 375 295
295 375 376
295 376 296
296 376 377
296 377 297
297 377 378
297 378 298
298 378 379
298 379 299
299 379 380
299 380 300
300 380 381
300 381 301
301 381 382
301 382 302
302 382 383
302 383 303
303 383 384
303 384 304
304 384 385
304 385 305
305 385 386
305 386 306
306 386 387
306 387 307
307 387 388
307 388 308
308 388 389
308 389 309
309 389 390
309 390 310
310 390 391
310 391 311
311 391 392
311 392 312
312 392 393
312 393 313
313 393 394
313 394 314
314 394 395
314 395 315
315 395 316
315 316 236
316 396 397
316 397 317
317 397 398
317 398 318
318 398 399
318 399 319
319 399 400
319 400 320
320 400 401
320 401 321
321 401 402
321 402 322
322 402 403
322 403 323
323 403 404
323 404 324
324 404 405
324 405 325
325 405 406
325 406 326
326 406 407
326 407 327
327 407 408
327 408 328
328 408 409
328 409 329
329 409 410
329 410 330
330 410 411
330 411 331
331 411 412
331 412 332
332 412 413
332 413 333
333 413 414
333 414 334
334 414 415
334 415 335
335 415 416
335 416 336
336 416 417
336 417 337
337 417 418
337 418 338
338 418 419
338 419 339
339 419 420
339 420 340
340 420 421
340 421 341
341 421 422
341 422 342
342 422 423
342 423 343
343 423 424
343 424 344
344 424 425
344 425 345
345 425 426
345 426 346
346 426 427
346 427 347
347 427 428
347 428 348
348 428 429
348 429 349
349 429 430
349 430 350
350 430 431
350 431 351
351 431 432
351 432 352
352 432 433
352 433 353
353 433 434
353 434 354
354 434 435
354 435 355
355 435 436
355 436 356
356 436 437
356 437 357
357 437 438
357 438 358
358 438 439
358 439 359
359 439 440
359 440 360
360 440 441
360 441 361
361 441 442
361 442 362
362 442 443
362 443 363
363 443 444
363 444 364
364 444 445
364 445 365
365 445 446
365 446 366
366 446 447
366 447 367
367 447 448
367 448 368
368 448 449
368 449 369
369 449 450
369 450 370
370 450 451
370 451 371
371 451 452
371 452 372
372 452 453
372 453 373
373 453 454
373 454 374
374 454 455
374 455 375
375 455 456
375 456 376
376 456 457
376 457 377
377 457 458
377 458 378
378 458 459
378 459 379
379 459 460
379 460 380
380 460 461
380 461 381
381 461 462
381 462 382
382 462 463
382 463 383
383 463 464
383 464 384
384 464 465
384 465 385
385 465 466
385 466 386
386 466 467
386 467 387
387 467 468
387 468 388
388 468 469
388 469 389
389 469 470
389 470 390
390 470 471
390 471 391
391 471 472
391 472 392
392 472 473
392 473 393
393 473 474
393 474 394
394 474 475
394 475 395
395 475 396
395 396 316
396 476 477
396 477 397
397 477 478
397 478 398
398 478 479
398 479 399
399 479 480
399 480 400
400 480 481
400 481 401
401 481 482
401 482 402
402 482 483
402 483 403
403 483 484
403 484 404
404 484 485
404 485 405
405 485 486
405 486 406
406 486 487
406 487 407
407 487 488
407 488 408
408 488 489
408 489 409
409 489 490
409 490 410
410 490 491
410 491 411
411 491 492
411 492 412
412 492 493
412 493 413
413 493 494
413 494 414
414 494 495
414 495 415
415 495 496
415 496 416
416 496 497
416 497 417
417 497 498
417 498 418
418 498 499
418 499 419
419 499 500
419 500 420
420 500 501
420 501 421
421 501 502
421 502 422
422 502 503
422 503 423
423 503 504
423 504 424
424 504 505
424 505 425
425 505 506
425 506 426
426 506 507
426 507 427
427 507 508
427 508 428
428 508 509
428 509 429
429 509 510
429 510 430
430 510 511
430 511 431
431 511 512
431 512 432
432 512 513
432 513 433
433 513 514
433 514 434
434 514 515
434 515 435
435 515 516
435 516 436
436 516 517
436 517 437
437 517 518
437 518 438
438 518 519
438 519 439
439 519 520
439 520 440
440 520 521
440 521 441
441 521 522
441 522 442
442 522 523
442 523 443
443 523 524
443 524 444
444 524 525
444 525 445
445 525 526
445 526 446
446 526 527
446 527 447
447 527 528
447 528 448
448 528 529
448 529 449
449 529 530
449 530 450
450 530 531
450 531 451
451 531 532
451 532 452
452 532 533
452 533 453
453 533 534
453 534 454
454 534 535
454 535 455
455 535 536
455 536 456
456 536 537
456 537 457
457 537 538
457 538 458
458 538 539
458 539 459
459 539 540
459 540 460
460 540 541
460 541 461
461 541 542
461 542 462
462 542 543
462 543 463
463 543 544
463 544 464
464 544 545
464 545 465
465 545 546
465 546 466
466 546 547
466 547 467
467 547 548
467 548 468
468 548 549
468 549 469
469 549 550
469 550 470
470 550 551
470 551 471
471 551 552
471 552 472
472 552 553
472 553 473
473 553 554
473 554 474
474 554 555
474 555 475
475 555 476
475 476 396
476 556 557
476 557 477
477 557 558
477 558 478
478 558 559
478 559 479
479 559 560
479 560 480
480 560 561
480 561 481
481 561 562
481 562 482
482 562 563
482 563 483
483 563 564
483 564 484
484 564 565
484 565 485
485 565 566
485 566 486
486 566 567
486 567 487
487 567 568
487 568 488
488 568 569
488 569 489
489 569 570
489 570 490
490 570 571
490 571 491
491 571 572
491 572 492
492 572 573
492 573 493
493 573 574
493 574 494
494 574 575
494 575 495
495 575 576
495 576 496
496 576 577
496 577 497
497 577 578
497 578 498
498 578 579
498 579 499
499 579 580
499 580 500
500 580 581
500 581 501
501 581 582
501 582 502
502 582 583
502 583 503
503 583 584
503 584 504
504 584 585
504 585 505
505 585 586
505 586 506
506 586 587
506 587 507
507 587 588
507 588 508
508 588 589
508 589 509
509 589 590
509 590 510
510 590 591
510 591 511
511 591 592
511 592 512
512 592 593
512 593 513
513 593 594
513 594 514
514 594 595
514 595 515
515 595 596
515 596 516
516 596 597
516 597 517
517 597 598
517 598 518
518 598 599
518 599 519
519 599 600
519 600 520
520 600 601
520 601 521
521 601 602
521 602 522
522 602 603
522 603 523
523 603 604
523 604 524
524 604 605
524 605 525
525 605 606
525 606 526
526 606 607
526 607 527
527 607 608
527 608 528
528 608 609
528 609 529
529 609 610
529 610 530
530 610 611
530 611 531
531 611 612
531 612 532
532 612 613
532 613 533
533 613 614
533 614 534
534 614 615
534 615 535
535 615 616
535 616 536
536 616 617
536 617 537
537 617 618
537 618 538
538 618 619
538 619 539
539 619 620
539 620 540
540 620 621
540 621 541
541 621 622
541 622 542
542 622 623
542 623 543
543 623 624
543 624 544
544 624 625
544 625 545
545 625 626
545 626 546
546 626 627
546 627 547
547 627 628
547 628 548
548 628 629
548 629 549
549 629 630
549 630 550
550 630 631
550 631 551
551 631 632
551 632 552
552 632 633
552 633 553
553 633 634
553 634 554
554 634 635
554 635 555
555 635 556
555 556 476
556 636 637
556 637 557
557 637 638
557 638 558
558 638 639
558 639 559
559 639 640
559 640 560
560 640 641
560 641 561
561 641 642
561 642 562
562 642 643
562 643 563
563 643 644
563 644 564
564 644 645
564 645 565
565 645 646
565 646 566
566 646 647
566 647 567
567 647 648
567 648 568
568 648 649
568 649 569
569 649 650
569 650 570
570 650 651
570 651 571
571 651 652
571 652 572
572 652 653
572 653 573
573 653 654
573 654 574
574 654 655
574 655 575
575 655 656
575 656 576
576 656 657
576 657 577
577 657 658
577 658 578
578 658 659
578 659 579
579 659 660
579 660 580
580 660 661
580 661 581
581 661 662
581 662 582
582 662 663
582 663 583
583 663 664
583 664 584
584 664 665
584 665 585
585 665 666
585 666 586
586 666 667
586 667 587
587 667 668
587 668 588
588 668 669
588 669 589
589 669 670
589 670 590
590 670 671
590 671 591
591 671 672
591 672 592
592 672 673
592 673 593
593 673 674
593 674 594
594 674 675
594 675 595
595 675 676
595 676 596
596 676 677
596 677 597
597 677 678
597 678 598
598 678 679
598 679 599
599 679 680
599 680 600
600 680 681
600 681 601
601 681 682
601 682 602
602 682 683
602 683 603
603 683 684
603 684 604
604 684 685
604 685 605
605 685 686
605 686 606
606 686 687
606 687 607
607 687 688
607 688 608
608 688 689
608 689 609
609 689 690
609 690 610
610 690 691
610 691 611
611 691 692
611 692 612
612 692 693
612 693 613
613 693 694
613 694 614
614 694 695
614 695 615
615 695 696
615 696 616
616 696 697
616 697 617
617 697 698
617 698 618
618 698 699
618 699 619
619 699 700
619 700 620
620 700 701
620 701 621
621 701 702
621 702 622
622 702 703
622 703 623
623 703 704
623 704 624
624 704 705
624 705 625
625 705 706
625 706 626
626 706 707
626 707 627
627 707 708
627 708 628
628 708 709
628 709 629
629 709 710
629 710 630
630 710 711
630 711 631
631 711 712
631 712 632
632 712 713
632 713 633
633 713 714
633 714 634
634 714 715
634 715 635
635 715 636
635 636 556
636 716 717
636 717 637
637 717 718
637 718 638
638 718 719
638 719 639
639 719 720
639 720 640
640 720 721
640 721 641
641 721 722
641 722 642
642 722 723
642 723 643
643 723 724
643 724 644
644 724 725
644 725 645
645 725 726
645 726 646
646 726 727
646 727 647
647 727 728
647 728 648
648 728 729
648 729 649
649 729 730
649 730 650
650 730 731
650 731 651
651 731 732
651 732 652
652 732 733
652 733 653
653 733 734
653 734 654
654 734 735
654 735 655
655 735 736
655 736 656
656 736 737
656 737 657
657 737 738
657 738 658
658 738 739
658 739 659
659 739 740
659 740 660
660 740 741
660 741 661
661 741 742
661 742 662
662 742 743
662 743 663
663 743 744
663 744 664
664 744 745
664 745 665
665 745 746
665 746 666
666 746 747
666 747 667
667 747 748
667 748 668
668 748 749
668 749 669
669 749 750
669 750 670
670 750 751
670 751 671
671 751 752
671 752 672
672 752 753
672 753 673
673 753 754
673 754 674
674 754 755
674 755 675
675 755 756
675 756 676
676 756 757
676 757 677
677 757 758
677 758 678
678 758 759
678 759 679
679 759 760
679 760 680
680 760 761
680 761 681
681 761 762
681 762 682
682 762 763
682 763 683
683 763 764
683 764 684
684 764 765
684 765 685
685 765 766
685 766 686
686 766 767
686 767 687
687 767 768
687 768 688
688 768 769
688 769 689
689 769 770
689 770 690
690 770 771
690 771 691
691 771 772
691 772 692
692 772 773
692 773 693
693 773 774
693 774 694
694 774 775
694 775 695
695 775 776
695 776 696
696 776 777
696 777 697
697 777 778
697 778 698
698 778 779
698 779 699
699 779 780
699 780 700
700 780 781
700 781 701
701 781 782
701 782 702
702 782 783
702 783 703
703 783 784
703 784 704
704 784 785
704 785 705
705 785 786
705 786 706
706 786 787
706 787 707
707 787 788
707 788 708
708 788 789
708 789 709
709 789 790
709 790 710
710 790 791
710 791 711
711 791 792
711 792 712
712 792 793
712 793 713
713 793 794
713 794 714
714 794 795
714 795 715
715 795 716
715 716 636
716 796 797
716 797 717
717 797 798
717 798 718
718 798 799
718 799 719
719 799 800
719 800 720
720 800 801
720 801 721
721 801 802
721 802 722
722 802 803
722 803 723
723 803 804
723 804 724
724 804 805
724 805 725
725 805 806
725 806 726
726 806 807
726 807 727
727 807 808
727 808 728
728 808 809
728 809 729
729 809 810
729 810 730
730 810 811
730 811 731
731 811 812
731 812 732
732 812 813
732 813 733
733 813 814
733 814 734
734 814 815
734 815 735
735 815 816
735 816 736
736 816 817
736 817 737
737 817 818
737 818 738
738 818 819
738 819 739
739 819 820
739 820 740
740 820 821
740 821 741
741 821 822
741 822 742
742 822 823
742 823 743
743 823 824
743 824 744
744 824 825
744 825 745
745 825 826
745 826 746
746 826 827
746 827 747
747 827 828
747 828 748
748 828 829
748 829 749
749 829 830
749 830 750
750 830 831
750 831 751
751 831 832
751 832 752
752 832 833
752 833 753
753 833 834
753 834 754
754 834 835
754 835 755
755 835 836
755 836 756
756 836 837
756 837 757
757 837 838
757 838 758
758 838 839
758 839 759
759 839 840
759 840 760
760 840 841
760 841 761
761 841 842
761 842 762
762 842 843
762 843 763
763 843 844
763 844 764
764 844 845
764 845 765
765 845 846
765 846 766
766 846 847
766 847 767
767 847 848
767 848 768
768 848 849
768 849 769
769 849 850
769 850 770
770 850 851
770 851 771
771 851 852
771 852 772
772 852 853
772 853 773
773 853 854
773 854 774
774 854 855
774 855 775
775 855 856
775 856 776
776 856 857
776 857 777
777 857 858
777 858 778
778 858 859
778 859 779
779 859 860
779 860 780
780 860 861
780 861 781
781 861 862
781 862 782
782 862 863
782 863 783
783 863 864
783 864 784
784 864 865
784 865 785
785 865 866
785 866 786
786 866 867
786 867 787
787 867 868
787 868 788
788 868 869
788 869 789
789 869 870
789 870 790
790 870 871
790 871 791
791 871 872
791 872 792
792 872 873
792 873 793
793 873 874
793 874 794
794 874 875
794 875 795
795 875 796
795 796 716
796 876 877
796 877 797
797 877 878
797 878 798
798 878 879
798 879 799
799 879 880
799 880 800
800 880 881
800 881 801
801 881 882
801 882 802
802 882 883
802 883 803
803 883 884
803 884 804
804 884 885
804 885 805
805 885 886
805 886 806
806 886 887
806 887 807
807 887 888
807 888 808
808 888 889
808 889 809
809 889 890
809 890 810
810 890 891
810 891 811
811 891 892
811 892 812
812 892 893
812 893 813
813 893 894
813 894 814
814 894 895
814 895 815
815 895 896
815 896 816
816 896 897
816 897 817
817 897 898
817 898 818
818 898 899
818 899 819
819 899 900
819 900 820
820 900 901
820 901 821
821 901 902
821 902 822
822 902 903
822 903 823
823 903 904
823 904 824
824 904 905
824 905 825
825 905 906
825 906 826
826 906 907
826 907 827
827 907 908
827 908 828
828 908 909
828 909 829
829 909 910
829 910 830
830 910 911
830 911 831
831 911 912
831 912 832
832 912 913
832 913 833
833 913 914
833 914 834
834 914 915
834 915 835
835 915 916
835 916 836
836 916 917
836 917 837
837 917 918
837 918 838
838 918 919
838 919 839
839 919 920
839 920 840
840 920 921
840 921 841
841 921 922
841 922 842
842 922 923
842 923 843
843 923 924
843 924 844
844 924 925
844 925 845
845 925 926
845 926 846
846 926 927
846 927 847
847 927 928
847 928 848
848 928 929
848 929 849
849 929 930
849 930 850
850 930 931
850 931 851
851 931 932
851 932 852
852 932 933
852 933 853
853 933 934
853 934 854
854 934 935
854 935 855
855 935 936
855 936 856
856 936 937
856 937 857
857 937 938
857 938 858
858 938 939
858 939 859
859 939 940
859 940 860
860 940 941
860 941 861
861 941 942
861 942 862
862 942 943
862 943 863
863 943 944
863 944 864
864 944 945
864 945 865
865 945 946
865 946 866
866 946 947
866 947 867
867 947 948
867 948 868
868 948 949
868 949 869
869 949 950
869 950 870
870 950 951
870 951 871
871 951 952
871 952 872
872 952 953
872 953 873
873 953 954
873 954 874
874 954 955
874 955 875
875 955 876
875 876 796
876 956 957
876 957 877
877 957 958
877 958 878
878 958 959
878 959 879
879 959 960
879 960 880
880 960 961
880 961 881
881 961 962
881 962 882
882 962 963
882 963 883
883 963 964
883 964 884
884 964 965
884 965 885
885 965 966
885 966 886
886 966 967
886 967 887
887 967 968
887 968 888
888 968 969
888 969 889
889 969 970
889 970 890
890 970 971
890 971 891
891 971 972
891 972 892
892 972 973
892 973 893
893 973 974
893 974 894
894 974 975
894 975 895
895 975 976
895 976 896
896 976 977
896 977 897
897 977 978
897 978 898
898 978 979
898 979 899
899 979 980
899 980 900
900 980 981
900 981 901
901 981 982
901 982 902
902 982 983
902 983 903
903 983 984
903 984 904
904 984 985
904 985 905
905 985 986
905 986 906
906 986 987
906 987 907
907 987 988
907 988 908
908 988 989
908 989 909
909 989 990
909 990 910
910 990 991
910 991 911
911 991 992
911 992 912
912 992 993
912 993 913
913 993 994
913 994 914
914 994 995
914 995 915
915 995 996
915 996 916
916 996 997
916 997 917
917 997 998
917 998 918
918 998 999
918 999 919
919 999 1000
919 1000 920
920 1000 1001
920 1001 921
921 1001 1002
921 1002 922
922 1002 1003
922 1003 923
923 1003 1004
923 1004 924
924 1004 1005
924 1005 925
925 1005 1006
925 1006 926
926 1006 1007
926 1007 927
927 1007 1008
927 1008 928
928 1008 1009
928 1009 929
929 1009 1010
929 1010 930
930 1010 1011
930 1011 931
931 1011 1012
931 1012 932
932 1012 1013
932 1013 933
933 1013 1014
933 1014 934
934 1014 1015
934 1015 935
935 1015 1016
935 1016 936
936 1016 1017
936 1017 937
937 1017 1018
937 1018 938
938 1018 1019
938 1019 939
939 1019 1020
939 1020 940
940 1020 1021
940 1021 941
941 1021 1022
941 1022 942
942 1022 1023
942 1023 943
943 1023 1024
943 1024 944
944 1024 1025
944 1025 945
945 1025 1026
945 1026 946
946 1026 1027
946 1027 947
947 1027 1028
947 1028 948
948 1028 1029
948 1029 949
949 1029 1030
949 1030 950
950 1030 1031
950 1031 951
951 1031 1032
951 1032 952
952 1032 1033
952 1033 953
953 1033 1034
953 1034 954
954 1034 1035
954 1035 955
955 1035 956
955 956 876
956 1036 1037
956 1037 957
957 1037 1038
957 1038 958
958 1038 1039
958 1039 959
959 1039 1040
959 1040 960
960 1040 1041
960 1041 961
961 1041 1042
961 1042 962
962 1042 1043
962 1043 963
963 1043 1044
963 1044 964
964 1044 1045
964 1045 965
965 1045 1046
965 1046 966
966 1046 1047
966 1047 967
967 1047 1048
967 1048 968
968 1048 1049
968 1049 969
969 1049 1050
969 1050 970
970 1050 1051
970 1051 971
971 1051 1052
971 1052 972
972 1052 1053
972 1053 973
973 1053 1054
973 1054 974
974 1054 1055
974 1055 975
975 1055 1056
975 1056 976
976 1056 1057
976 1057 977
977 1057 1058
977 1058 978
978 1058 1059
978 1059 979
979 1059 1060
979 1060 980
980 1060 1061
980 1061 981
981 1061 1062
981 1062 982
982 1062 1063
982 1063 983
983 1063 1064
983 1064 984
984 1064 1065
984 1065 985
985 1065 1066
985 1066 986
986 1066 1067
986 1067 987
987 1067 1068
987 1068 988
988 1068 1069
988 1069 989
989 1069 1070
989 1070 990
990 1070 1071
990 1071 991
991 1071 1072
991 1072 992
992 1072 1073
992 1073 993
993 1073 1074
993 1074 994
994 1074 1075
994 1075 995
995 1075 1076
995 1076 996
996 1076 1077
996 1077 997
997 1077 1078
997 1078 998
998 1078 1079
998 1079 999
999 1079 1080
999 1080 1000
1000 1080 1081
1000 1081 1001
1001 1081 1082
1001 1082 1002
1002 1082 1083
1002 1083 1003
1003 1083 1084
1003 1084 1004
1004 1084 1085
1004 1085 1005
1005 1085 1086
1005 1086 1006
1006 1086 1087
1006 1087 1007
1007 1087 1088
1007 1088 1008
1008 1088 1089
1008 1089 1009
1009 1089 1090
1009 1090 1010
1010 1090 1091
1010 1091 1011
1011 1091 1092
1011 1092 1012
1012 1092 1093
1012 1093 1013
1013 1093 1094
1013 1094 1014
1014 1094 1095
1014 1095 1015
1015 1095 1096
1015 1096 1016
1016 1096 1097
1016 1097 1017
1017 1097 1098
1017 1098 1018
1018 1098 1099
1018 1099 1019
1019 1099 1100
1019 1100 1020
1020 1100 1101
1020 1101 1021
1021 1101 1102
1021 1102 1022
1022 1102 1103
1022 1103 1023
1023 1103 1104
1023 1104 1024
1024 1104 1105
1024 1105 1025
1025 1105 1106
1025 1106 1026
1026 1106 1107
1026 1107 1027
1027 1107 1108
1027 1108 1028
1028 1108 1109
1028 1109 1029
1029 1109 1110
1029 1110 1030
1030 1110 1111
1030 1111 1031
1031 1111 1112
1031 1112 1032
1032 1112 1113
1032 1113 1033
1033 1113 1114
1033 1114 1034
1034 1114 1115
1034 1115 1035
1035 1115 1036
1035 1036 956
1036 1116 1117
1036 1117 1037
1037 1117 1118
1037 1118 1038
1038 1118 1119
1038 1119 1039
1039 1119 1120
1039 1120 1040
1040 1120 1121
1040 1121 1041
1041 1121 1122
1041 1122 1042
1042 1122 1123
1042 1123 1043
1043 1123 1124
1043 1124 1044
1044 1124 1125
1044 1125 1045
1045 1125 1126
1045 1126 1046
1046 1126 1127
1046 1127 1047
1047 1127 1128
1047 1128 1048
1048 1128 1129
1048 1129 1049
1049 1129 1130
1049 1130 1050
1050 1130 1131
1050 1131 1051
1051 1131 1132
1051 1132 1052
1052 1132 1133
1052 1133 1053
1053 1133 1134
1053 1134 1054
1054 1134 1135
1054 1135 1055
1055 1135 1136
1055 1136 1056
1056 1136 1137
1056 1137 1057
1057 1137 1138
1057 1138 1058
1058 1138 1139
1058 1139 1059
1059 1139 1140
1059 1140 1060
1060 1140 1141
1060 1141 1061
1061 1141 1142
1061 1142 1062
1062 1142 1143
1062 1143 1063
1063 1143 1144
1063 1144 1064
1064 1144 1145
1064 1145 1065
1065 1145 1146
1065 1146 1066
1066 1146 1147
1066 1147 1067
1067 1147 1148
1067 1148 1068
1068 1148 1149
1068 1149 1069
1069 1149 1150
1069 1150 1070
1070 1150 1151
1070 1151 1071
1071 1151 1152
1071 1152 1072
1072 1152 1153
1072 1153 1073
1073 1153 1154
1073 1154 1074
1074 1154 1155
1074 1155 1075
1075 1155 1156
1075 1156 1076
1076 1156 1157
1076 1157 1077
1077 1157 1158
1077 1158 1078
1078 1158 1159
1078 1159 1079
1079 1159 1160
1079 1160 1080
1080 1160 1161
1080 1161 1081
1081 1161 1162
1081 1162 1082
1082 1162 1163
1082 1163 1083
1083 1163 1164
1083 1164 1084
1084 1164 1165
1084 1165 1085
1085 1165 1166
1085 1166 1086
1086 1166 1167
1086 1167 1087
1087 1167 1168
1087 1168 1088
1088 1168 1169
1088 1169 1089
1089 1169 1170
1089 1170 1090
1090 1170 1171
1090 1171 1091
1091 1171 1172
1091 1172 1092
1092 1172 1173
1092 1173 1093
1093 1173 1174
1093 1174 1094
1094 1174 1175
1094 1175 1095
1095 1175 1176
1095 1176 1096
1096 1176 1177
1096 1177 1097
1097 1177 1178
1097 1178 1098
1098 1178 1179
1098 1179 1099
1099 1179 1180
1099 1180 1100
1100 1180 1181
1100 1181 1101
1101 1181 1182
1101 1182 1102
1102 1182 1183
1102 1183 1103
1103 1183 1184
1103 1184 1104
1104 1184 1185
1104 1185 1105
1105 1185 1186
1105 1186 1106
1106 1186 1187
1106 1187 1107
1107 1187 1188
1107 1188 1108
1108 1188 1189
1108 1189 1109
1109 1189 1190
1109 1190 1110
1110 1190 1191
1110 1191 1111
1111 1191 1192
1111 1192 1112
1112 1192 1193
1112 1193 1113
1113 1193 1194
1113 1194 1114
1114 1194 1195
1114 1195 1115
1115 1195 1116
1115 1116 1036
1116 1196 1197
1116 1197 1117
1117 1197 1198
1117 1198 1118
1118 1198 1199
1118 1199 1119
1119 1199 1200
1119 1200 1120
1120 1200 1201
1120 1201 1121
1121 1201 1202
1121 1202 1122
1122 1202 1203
1122 1203 1123
1123 1203 1204
1123 1204 1124
1124 1204 1205
1124 1205 1125
1125 1205 1206
1125 1206 1126
1126 1206 1207
1126 1207 1127
1127 1207 1208
1127 1208 1128
1128 1208 1209
1128 1209 1129
1129 1209 1210
1129 1210 1130
1130 1210 1211
1130 1211 1131
1131 1211 1212
1131 1212 1132
1132 1212 1213
1132 1213 1133
1133 1213 1214
1133 1214 1134
1134 1214 1215
1134 1215 1135
1135 1215 1216
1135 1216 1136
1136 1216 1217
1136 1217 1137
1137 1217 1218
1137 1218 1138
1138 1218 1219
1138 1219 1139
1139 1219 1220
1139 1220 1140
1140 1220 1221
1140 1221 1141
1141 1221 1222
1141 1222 1142
1142 1222 1223
1142 1223 1143
1143 1223 1224
1143 1224 1144
1144 1224 1225
1144 1225 1145
1145 1225 1226
1145 1226 1146
1146 1226 1227
1146 1227 1147
1147 1227 1228
1147 1228 1148
1148 1228 1229
1148 1229 1149
1149 1229 1230
1149 1230 1150
1150 1230 1231
1150 1231 1151
1151 1231 1232
1151 1232 1152
1152 1232 1233
1152 1233 1153
1153 1233 1234
1153 1234 1154
1154 1234 1235
1154 1235 1155
1155 1235 1236
1155 1236 1156
1156 1236 1237
1156 1237 1157
1157 1237 1238
1157 1238 1158
1158 1238 1239
1158 1239 1159
1159 1239 1240
1159 1240 1160
1160 1240 1241
1160 1241 1161
1161 1241 1242
1161 1242 1162
1162 1242 1243
1162 1243 1163
1163 1243 1244
1163 1244 1164
1164 1244 1245
1164 1245 1165
1165 1245 1246
1165 1246 1166
1166 1246 1247
1166 1247 1167
1167 1247 1248
1167 1248 1168
1168 1248 1249
1168 1249 1169
1169 1249 1250
1169 1250 1170
1170 1250 1251
1170 1251 1171
1171 1251 1252
1171 1252 1172
1172 1252 1253
1172 1253 1173
1173 1253 1254
1173 1254 1174
1174 1254 1255
1174 1255 1175
1175 1255 1256
1175 1256 1176
1176 1256 1257
1176 1257 1177
1177 1257 1258
1177 1258 1178
1178 1258 1259
1178 1259 1179
1179 1259 1260
1179 1260 1180
1180 1260 1261
1180 1261 1181
1181 1261 1262
1181 1262 1182
1182 1262 1263
1182 1263 1183
1183 1263 1264
1183 1264 1184
1184 1264 1265
1184 1265 1185
1185 1265 1266
1185 1266 1186
1186 1266 1267
1186 1267 1187
1187 1267 1268
1187 1268 1188
1188 1268 1269
1188 1269 1189
1189 1269 1270
1189 1270 1190
1190 1270 1271
1190 1271 1191
1191 1271 1272
1191 1272 1192
1192 1272 1273
1192 1273 1193
1193 1273 1274
1193 1274 1194
1194 1274 1275
1194 1275 1195
1195 1275 1196
1195 1196 1116
1196 1276 1277
1196 1277 1197
1197 1277 1278
1197 1278 1198
1198 1278 1279
1198 1279 1199
1199 1279 1280
1199 1280 1200
1200 1280 1281
1200 1281 1201
1201 1281 1282
1201 1282 1202
1202 1282 1283
1202 1283 1203
1203 1283 1284
1203 1284 1204
1204 1284 1285
1204 1285 1205
1205 1285 1286
1205 1286 1206
1206 1286 1287
1206 1287 1207
1207 1287 1288
1207 1288 1208
1208 1288 1289
1208 1289 1209
1209 1289 1290
1209 1290 1210
1210 1290 1291
1210 1291 1211
1211 1291 1292
1211 1292 1212
1212 1292 1293
1212 1293 1213
1213 1293 1294
1213 1294 1214
1214 1294 1295
1214 1295 1215
1215 1295 1296
1215 1296 1216
1216 1296 1297
1216 1297 1217
1217 1297 1298
1217 1298 1218
1218 1298 1299
1218 1299 1219
1219 1299 1300
1219 1300 1220
1220 1300 1301
1220 1301 1221
1221 1301 1302
1221 1302 1222
1222 1302 1303
1222 1303 1223
1223 1303 1304
1223 1304 1224
1224 1304 1305
1224 1305 1225
1225 1305 1306
1225 1306 1226
1226 1306 1307
1226 1307 1227
1227 1307 1308
1227 1308 1228
1228 1308 1309
1228 1309 1229
1229 1309 1310
1229 1310 1230
1230 1310 1311
1230 1311 1231
1231 1311 1312
1231 1312 1232
1232 1312 1313
1232 1313 1233
1233 1313 1314
1233 1314 1234
1234 1314 1315
1234 1315 1235
1235 1315 1316
1235 1316 1236
1236 1316 1317
1236 1317 1237
1237 1317 1318
1237 1318 1238
1238 1318 1319
1238 1319 1239
1239 1319 1320
1239 1320 1240
1240 1320 1321
1240 1321 1241
1241 1321 1322
1241 1322 1242
1242 1322 1323
1242 1323 1243
1243 1323 1324
1243 1324 1244
1244 1324 1325
1244 1325 1245
1245 1325 1326
1245 1326 1246
1246 1326 1327
1246 1327 1247
1247 1327 1328
1247 1328 1248
1248 1328 1329
1248 1329 1249
1249 1329 1330
1249 1330 1250
1250 1330 1331
1250 1331 1251
1251 1331 1332
1251 1332 1252
1252 1332 1333
1252 1333 1253
1253 1333 1334
1253 1334 1254
1254 1334 1335
1254 1335 1255
1255 1335 1336
1255 1336 1256
1256 1336 1337
1256 1337 1257
1257 1337 1338
1257 1338 1258
1258 1338 1339
1258 1339 1259
1259 1339 1340
1259 1340 1260
1260 1340 1341
1260 1341 1261
1261 1341 1342
1261 1342 1262
1262 1342 1343
1262 1343 1263
1263 1343 1344
1263 1344 1264
1264 1344 1345
1264 1345 1265
1265 1345 1346
1265 1346 1266
1266 1346 1347
1266 1347 1267
1267 1347 1348
1267 1348 1268
1268 1348 1349
1268 1349 1269
1269 1349 1350
1269 1350 1270
1270 1350 1351
1270 1351 1271
1271 1351 1352
1271 1352 1272
1272 1352 1353
1272 1353 1273
1273 1353 1354
1273 1354 1274
1274 1354 1355
1274 1355 1275
1275 1355 1276
1275 1276 1196
1276 1356 1357
1276 1357 1277
1277 1357 1358
1277 1358 1278
1278 1358 1359
1278 1359 1279
1279 1359 1360
1279 1360 1280
1280 1360 1361
1280 1361 1281
1281 1361 1362
1281 1362 1282
1282 1362 1363
1282 1363 1283
1283 1363 1364
1283 1364 1284
1284 1364 1365
1284 1365 1285
1285 1365 1366
1285 1366 1286
1286 1366 1367
1286 1367 1287
1287 1367 1368
1287 1368 1288
1288 1368 1369
1288 1369 1289
1289 1369 1370
1289 1370 1290
1290 1370 1371
1290 1371 1291
1291 1371 1372
1291 1372 1292
1292 1372 1373
1292 1373 1293
1293 1373 1374
1293 1374 1294
1294 1374 1375
1294 1375 1295
1295 1375 1376
1295 1376 1296
1296 1376 1377
1296 1377 1297
1297 1377 1378
1297 1378 1298
1298 1378 1379
1298 1379 1299
1299 1379 1380
1299 1380 1300
1300 1380 1381
1300 1381 1301
1301 1381 1382
1301 1382 1302
1302 1382 1383
1302 1383 1303
1303 1383 1384
1303 1384 1304
1304 1384 1385
1304 1385 1305
1305 1385 1386
1305 1386 1306
1306 1386 1387
1306 1387 1307
1307 1387 1388
1307 1388 1308
1308 1388 1389
1308 1389 1309
1309 1389 1390
1309 1390 1310
1310 1390 1391
1310 1391 1311
1311 1391 1392
1311 1392 1312
1312 1392 1393
1312 1393 1313
1313 1393 1394
1313 1394 1314
1314 1394 1395
1314 1395 1315
1315 1395 1396
1315 1396 1316
1316 1396 1397
1316 1397 1317
1317 1397 1398
1317 1398 1318
1318 1398 1399
1318 1399 1319
1319 1399 1400
1319 1400 1320
1320 1400 1401
1320 1401 1321
1321 1401 1402
1321 1402 1322
1322 1402 1403
1322 1403 1323
1323 1403 1404
1323 1404 1324
1324 1404 1405
1324 1405 1325
1325 1405 1406
1325 1406 1326
1326 1406 1407
1326 1407 1327
1327 1407 1408
1327 1408 1328
1328 1408 1409
1328 1409 1329
1329 1409 1410
1329 1410 1330
1330 1410 1411
1330 1411 1331
1331 1411 1412
1331 1412 1332
1332 1412 1413
1332 1413 1333
1333 1413 1414
1333 1414 1334
1334 1414 1415
1334 1415 1335
1335 1415 1416
1335 1416 1336
1336 1416 1417
1336 1417 1337
1337 1417 1418
1337 1418 1338
1338 1418 1419
1338 1419 1339
1339 1419 1420
1339 1420 1340
1340 1420 1421
1340 1421 1341
1341 1421 1422
1341 1422 1342
1342 1422 1423
1342 1423 1343
1343 1423 1424
1343 1424 1344
1344 1424 1425
1344 1425 1345
1345 1425 1426
1345 1426 1346
1346 1426 1427
1346 1427 1347
1347 1427 1428
1347 1428 1348
1348 1428 1429
1348 1429 1349
1349 1429 1430
1349 1430 1350
1350 1430 1431
1350 1431 1351
1351 1431 1432
1351 1432 1352
1352 1432 1433
1352 1433 1353
1353 1433 1434
1353 1434 1354
1354 1434 1435
1354 1435 1355
1355 1435 1356
1355 1356 1276
1356 1436 1437
1356 1437 1357
1357 1437 1438
1357 1438 1358
1358 1438 1439
1358 1439 1359
1359 1439 1440
1359 1440 1360
1360 1440 1441
1360 1441 1361
1361 1441 1442
1361 1442 1362
1362 1442 1443
1362 1443 1363
1363 1443 1444
1363 1444 1364
1364 1444 1445
1364 1445 1365
1365 1445 1446
1365 1446 1366
1366 1446 1447
1366 1447 1367
1367 1447 1448
1367 1448 1368
1368 1448 1449
1368 1449 1369
1369 1449 1450
1369 1450 1370
1370 1450 1451
1370 1451 1371
1371 1451 1452
1371 1452 1372
1372 1452 1453
1372 1453 1373
1373 1453 1454
1373 1454 1374
1374 1454 1455
1374 1455 1375
1375 1455 1456
1375 1456 1376
1376 1456 1457
1376 1457 1377
1377 1457 1458
1377 1458 1378
1378 1458 1459
1378 1459 1379
1379 1459 1460
1379 1460 1380
1380 1460 1461
1380 1461 1381
1381 1461 1462
1381 1462 1382
1382 1462 1463
1382 1463 1383
1383 1463 1464
1383 1464 1384
1384 1464 1465
1384 1465 1385
1385 1465 1466
1385 1466 1386
1386 1466 1467
1386 1467 1387
1387 1467 1468
1387 1468 1388
1388 1468 1469
1388 1469 1389
1389 1469 1470
1389 1470 1390
1390 1470 1471
1390 1471 1391
1391 1471 1472
1391 1472 1392
1392 1472 1473
1392 1473 1393
1393 1473 1474
1393 1474 1394
1394 1474 1475
1394 1475 1395
1395 1475 1476
1395 1476 1396
1396 1476 1477
1396 1477 1397
1397 1477 1478
1397 1478 1398
1398 1478 1479
1398 1479 1399
1399 1479 1480
1399 1480 1400
1400 1480 1481
1400 1481 1401
1401 1481 1482
1401 1482 1402
1402 1482 1483
1402 1483 1403
1403 1483 1484
1403 1484 1404
1404 1484 1485
1404 1485 1405
1405 1485 1486
1405 1486 1406
1406 1486 1487
1406 1487 1407
1407 1487 1488
1407 1488 1408
1408 1488 1489
1408 1489 1409
1409 1489 1490
1409 1490 1410
1410 1490 1491
1410 1491 1411
1411 1491 1492
1411 1492 1412
1412 1492 1493
1412 1493 1413
1413 1493 1494
1413 1494 1414
1414 1494 1495
1414 1495 1415
1415 1495 1496
1415 1496 1416
1416 1496 1497
1416 1497 1417
1417 1497 1498
1417 1498 1418
1418 1498 1499
1418 1499 1419
1419 1499 1500
1419 1500 1420
1420 1500 1501
1420 1501 1421
1421 1501 1502
1421 1502 1422
1422 1502 1503
1422 1503 1423
1423 1503 1504
1423 1504 1424
1424 1504 1505
1424 1505 1425
1425 1505 1506
1425 1506 1426
1426 1506 1507
1426 1507 1427
1427 1507 1508
1427 1508 1428
1428 1508 1509
1428 1509 1429
1429 1509 1510
1429 1510 1430
1430 1510 1511
1430 1511 1431
1431 1511 1512
1431 1512 1432
1432 1512 1513
1432 1513 1433
1433 1513 1514
1433 1514 1434
1434 1514 1515
1434 1515 1435
1435 1515 1436
1435 1436 1356
1436 1516 1517
1436 1517 1437
1437 1517 1518
1437 1518 1438
1438 1518 1519
1438 1519 1439
1439 1519 1520
1439 1520 1440
1440 1520 1521
1440 1521 1441
1441 1521 1522
1441 1522 1442
1442 1522 1523
1442 1523 1443
1443 1523 1524
1443 1524 1444
1444 1524 1525
1444 1525 1445
1445 1525 1526
1445 1526 1446
1446 1526 1527
1446 1527 1447
1447 1527 1528
1447 1528 1448
1448 1528 1529
1448 1529 1449
1449 1529 1530
1449 1530 1450
1450 1530 1531
1450 1531 1451
1451 1531 1532
1451 1532 1452
1452 1532 1533
1452 1533 1453
1453 1533 1534
1453 1534 1454
1454 1534 1535
1454 1535 1455
1455 1535 1536
1455 1536 1456
1456 1536 1537
1456 1537 1457
1457 1537 1538
1457 1538 1458
1458 1538 1539
1458 1539 1459
1459 1539 1540
1459 1540 1460
1460 1540 1541
1460 1541 1461
1461 1541 1542
1461 1542 1462
1462 1542 1543
1462 1543 1463
1463 1543 1544
1463 1544 1464
1464 1544 1545
1464 1545 1465
1465 1545 1546
1465 1546 1466
1466 1546 1547
1466 1547 1467
1467 1547 1548
1467 1548 1468
1468 1548 1549
1468 1549 1469
1469 1549 1550
1469 1550 1470
1470 1550 1551
1470 1551 1471
1471 1551 1552
1471 1552 1472
1472 1552 1553
1472 1553 1473
1473 1553 1554
1473 1554 1474
1474 1554 1555
1474 1555 1475
1475 1555 1556
1475 1556 1476
1476 1556 1557
1476 1557 1477
1477 1557 1558
1477 1558 1478
1478 1558 1559
1478 1559 1479
1479 1559 1560
1479 1560 1480
1480 1560 1561
1480 1561 1481
1481 1561 1562
1481 1562 1482
1482 1562 1563
1482 1563 1483
1483 1563 1564
1483 1564 1484
1484 1564 1565
1484 1565 1485
1485 1565 1566
1485 1566 1486
1486 1566 1567
1486 1567 1487
1487 1567 1568
1487 1568 1488
1488 1568 1569
1488 1569 1489
1489 1569 1570
1489 1570 1490
1490 1570 1571
1490 1571 1491
1491 1571 1572
1491 1572 1492
1492 1572 1573
1492 1573 1493
1493 1573 1574
1493 1574 1494
1494 1574 1575
1494 1575 1495
1495 1575 1576
1495 1576 1496
1496 1576 1577
1496 1577 1497
1497 1577 1578
1497 1578 1498
1498 1578 1579
1498 1579 1499
1499 1579 1580
1499 1580 1500
1500 1580 1581
1500 1581 1501
1501 1581 1582
1501 1582 1502
1502 1582 1583
1502 1583 1503
1503 1583 1584
1503 1584 1504
1504 1584 1585
1504 1585 1505
1505 1585 1586
1505 1586 1506
1506 1586 1587
1506 1587 1507
1507 1587 1588
1507 1588 1508
1508 1588 1589
1508 1589 1509
1509 1589 1590
1509 1590 1510
1510 1590 1591
1510 1591 1511
1511 1591 1592
1511 1592 1512
1512 1592 1593
1512 1593 1513
1513 1593 1594
1513 1594 1514
1514 1594 1595
1514 1595 1515
1515 1595 1516
1515 1516 1436
1516 1596 1597
1516 1597 1517
1517 1597 1598
1517 1598 1518
1518 1598 1599
1518 1599 1519
1519 1599 1600
1519 1600 1520
1520 1600 1601
1520 1601 1521
1521 1601 1602
1521 1602 1522
1522 1602 1603
1522 1603 1523
1523 1603 1604
1523 1604 1524
1524 1604 1605
1524 1605 1525
1525 1605 1606
1525 1606 1526
1526 1606 1607
1526 1607 1527
1527 1607 1608
1527 1608 1528
1528 1608 1609
1528 1609 1529
1529 1609 1610
1529 1610 1530
1530 1610 1611
1530 1611 1531
1531 1611 1612
1531 1612 1532
1532 1612 1613
1532 1613 1533
1533 1613 1614
1533 1614 1534
1534 1614 1615
1534 1615 1535
1535 1615 1616
1535 1616 1536
1536 1616 1617
1536 1617 1537
1537 1617 1618
1537 1618 1538
1538 1618 1619
1538 1619 1539
1539 1619 1620
1539 1620 1540
1540 1620 1621
1540 1621 1541
1541 1621 1622
1541 1622 1542
1542 1622 1623
1542 1623 1543
1543 1623 1624
1543 1624 1544
1544 1624 1625
1544 1625 1545
1545 1625 1626
1545 1626 1546
1546 1626 1627
1546 1627 1547
1547 1627 1628
1547 1628 1548
1548 1628 1629
1548 1629 1549
1549 1629 1630
1549 1630 1550
1550 1630 1631
1550 1631 1551
1551 1631 1632
1551 1632 1552
1552 1632 1633
1552 1633 1553
1553 1633 1634
1553 1634 1554
1554 1634 1635
1554 1635 1555
1555 1635 1636
1555 1636 1556
1556 1636 1637
1556 1637 1557
1557 1637 1638
1557 1638 1558
1558 1638 1639
1558 1639 1559
1559 1639 1640
1559 1640 1560
1560 1640 1641
1560 1641 1561
1561 1641 1642
1561 1642 1562
1562 1642 1643
1562 1643 1563
1563 1643 1644
1563 1644 1564
1564 1644 1645
1564 1645 1565
1565 1645 1646
1565 1646 1566
1566 1646 1647
1566 1647 1567
1567 1647 1648
1567 1648 1568
1568 1648 1649
1568 1649 1569
1569 1649 1650
1569 1650 1570
1570 1650 1651
1570 1651 1571
1571 1651 1652
1571 1652 1572
1572 1652 1653
1572 1653 1573
1573 1653 1654
1573 1654 1574
1574 1654 1655
1574 1655 1575
1575 1655 1656
1575 1656 1576
1576 1656 1657
1576 1657 1577
1577 1657 1658
1577 1658 1578
1578 1658 1659
1578 1659 1579
1579 1659 1660
1579 1660 1580
1580 1660 1661
1580 1661 1581
1581 1661 1662
1581 1662 1582
1582 1662 1663
1582 1663 1583
1583 1663 1664
1583 1664 1584
1584 1664 1665
1584 1665 1585
1585 1665 1666
1585 1666 1586
1586 1666 1667
1586 1667 1587
1587 1667 1668
1587 1668 1588
1588 1668 1669
1588 1669 1589
1589 1669 1670
1589 1670 1590
1590 1670 1671
1590 1671 1591
1591 1671 1672
1591 1672 1592
1592 1672 1673
1592 1673 1593
1593 1673 1674
1593 1674 1594
1594 1674 1675
1594 1675 1595
1595 1675 1596
1595 1596 1516
1596 1676 1677
1596 1677 1597
1597 1677 1678
1597 1678 1598
1598 1678 1679
1598 1679 1599
1599 1679 1680
1599 1680 1600
1600 1680 1681
1600 1681 1601
1601 1681 1682
1601 1682 1602
1602 1682 1683
1602 1683 1603
1603 1683 1684
1603 1684 1604
1604 1684 1685
1604 1685 1605
1605 1685 1686
1605 1686 1606
1606 1686 1687
1606 1687 1607
1607 1687 1688
1607 1688 1608
1608 1688 1689
1608 1689 1609
1609 1689 1690
1609 1690 1610
1610 1690 1691
1610 1691 1611
1611 1691 1692
1611 1692 1612
1612 1692 1693
1612 1693 1613
1613 1693 1694
1613 1694 1614
1614 1694 1695
1614 1695 1615
1615 1695 1696
1615 1696 1616
1616 1696 1697
1616 1697 1617
1617 1697 1698
1617 1698 1618
1618 1698 1699
1618 1699 1619
1619 1699 1700
1619 1700 1620
1620 1700 1701
1620 1701 1621
1621 1701 1702
1621 1702 1622
1622 1702 1703
1622 1703 1623
1623 1703 1704
1623 1704 1624
1624 1704 1705
1624 1705 1625
1625 1705 1706
1625 1706 1626
1626 1706 1707
1626 1707 1627
1627 1707 1708
1627 1708 1628
1628 1708 1709
1628 1709 1629
1629 1709 1710
1629 1710 1630
1630 1710 1711
1630 1711 1631
1631 1711 1712
1631 1712 1632
1632 1712 1713
1632 1713 1633
1633 1713 1714
1633 1714 1634
1634 1714 1715
1634 1715 1635
1635 1715 1716
1635 1716 1636
1636 1716 1717
1636 1717 1637
1637 1717 1718
1637 1718 1638
1638 1718 1719
1638 1719 1639
1639 1719 1720
1639 1720 1640
1640 1720 1721
1640 1721 1641
1641 1721 1722
1641 1722 1642
1642 1722 1723
1642 1723 1643
1643 1723 1724
1643 1724 1644
1644 1724 1725
1644 1725 1645
1645 1725 1726
1645 1726 1646
1646 1726 1727
1646 1727 1647
1647 1727 1728
1647 1728 1648
1648 1728 1729
1648 1729 1649
1649 1729 1730
1649 1730 1650
1650 1730 1731
1650 1731 1651
1651 1731 1732
1651 1732 1652
1652 1732 1733
1652 1733 1653
1653 1733 1734
1653 1734 1654
1654 1734 1735
1654 1735 1655
1655 1735 1736
1655 1736 1656
1656 1736 1737
1656 1737 1657
1657 1737 1738
1657 1738 1658
1658 1738 1739
1658 1739 1659
1659 1739 1740
1659 1740 1660
1660 1740 1741
1660 1741 1661
1661 1741 1742
1661 1742 1662
1662 1742 1743
1662 1743 1663
1663 1743 1744
1663 1744 1664
1664 1744 1745
1664 1745 1665
1665 1745 1746
1665 1746 1666
1666 1746 1747
1666 1747 1667
1667 1747 1748
1667 1748 1668
1668 1748 1749
1668 1749 1669
1669 1749 1750
1669 1750 1670
1670 1750 1751
1670 1751 1671
1671 1751 1752
1671 1752 1672
1672 1752 1753
1672 1753 1673
1673 1753 1754
1673 1754 1674
1674 1754 1755
1674 1755 1675
1675 1755 1676
1675 1676 1596
1676 1756 1757
1676 1757 1677
1677 1757 1758
1677 1758 1678
1678 1758 1759
1678 1759 1679
1679 1759 1760
1679 1760 1680
1680 1760 1761
1680 1761 1681
1681 1761 1762
1681 1762 1682
1682 1762 1763
1682 1763 1683
1683 1763 1764
1683 1764 1684
1684 1764 1765
1684 1765 1685
1685 1765 1766
1685 1766 1686
1686 1766 1767
1686 1767 1687
1687 1767 1768
1687 1768 1688
1688 1768 1769
1688 1769 1689
1689 1769 1770
1689 1770 1690
1690 1770 1771
1690 1771 1691
1691 1771 1772
1691 1772 1692
1692 1772 1773
1692 1773 1693
1693 1773 1774
1693 1774 1694
1694 1774 1775
1694 1775 1695
1695 1775 1776
1695 1776 1696
1696 1776 1777
1696 1777 1697
1697 1777 1778
1697 1778 1698
1698 1778 1779
1698 1779 1699
1699 1779 1780
1699 1780 1700
1700 1780 1781
1700 1781 1701
1701 1781 1782
1701 1782 1702
1702 1782 1783
1702 1783 1703
1703 1783 1784
1703 1784 1704
1704 1784 1785
1704 1785 1705
1705 1785 1786
1705 1786 1706
1706 1786 1787
1706 1787 1707
1707 1787 1788
1707 1788 1708
1708 1788 1789
1708 1789 1709
1709 1789 1790
1709 1790 1710
1710 1790 1791
1710 1791 1711
1711 1791 1792
1711 1792 1712
1712 1792 1793
1712 1793 1713
1713 1793 1794
1713 1794 1714
1714 1794 1795
1714 1795 1715
1715 1795 1796
1715 1796 1716
1716 1796 1797
1716 1797 1717
1717 1797 1798
1717 1798 1718
1718 1798 1799
1718 1799 1719
1719 1799 1800
1719 1800 1720
1720 1800 1801
1720 1801 1721
1721 1801 1802
1721 1802 1722
1722 1802 1803
1722 1803 1723
1723 1803 1804
1723 1804 1724
1724 1804 1805
1724 1805 1725
1725 1805 1806
1725 1806 1726
1726 1806 1807
1726 1807 1727
1727 1807 1808
1727 1808 1728
1728 1808 1809
1728 1809 1729
1729 1809 1810
1729 1810 1730
1730 1810 1811
1730 1811 1731
1731 1811 1812
1731 1812 1732
1732 1812 1813
1732 1813 1733
1733 1813 1814
1733 1814 1734
1734 1814 1815
1734 1815 1735
1735 1815 1816
1735 1816 1736
1736 1816 1817
1736 1817 1737
1737 1817 1818
1737 1818 1738
1738 1818 1819
1738 1819 1739
1739 1819 1820
1739 1820 1740
1740 1820 1821
1740 1821 1741
1741 1821 1822
1741 1822 1742
1742 1822 1823
1742 1823 1743
1743 1823 1824
1743 1824 1744
1744 1824 1825
1744 1825 1745
1745 1825 1826
1745 1826 1746
1746 1826 1827
1746 1827 1747
1747 1827 1828
1747 1828 1748
1748 1828 1829
1748 1829 1749
1749 1829 1830
1749 1830 1750
1750 1830 1831
1750 1831 1751
1751 1831 1832
1751 1832 1752
1752 1832 1833
1752 1833 1753
1753 1833 1834
1753 1834 1754
1754 1834 1835
1754 1835 1755
1755 1835 1756
1755 1756 1676
1756 1836 1837
1756 1837 1757
1757 1837 1838
1757 1838 1758
1758 1838 1839
1758 1839 1759
1759 1839 1840
1759 1840 1760
1760 1840 1841
1760 1841 1761
1761 1841 1842
1761 1842 1762
1762 1842 1843
1762 1843 1763
1763 1843 1844
1763 1844 1764
1764 1844 1845
1764 1845 1765
1765 1845 1846
1765 1846 1766
1766 1846 1847
1766 1847 1767
1767 1847 1848
1767 1848 1768
1768 1848 1849
1768 1849 1769
1769 1849 1850
1769 1850 1770
1770 1850 1851
1770 1851 1771
1771 1851 1852
1771 1852 1772
1772 1852 1853
1772 1853 1773
1773 1853 1854
1773 1854 1774
1774 1854 1855
1774 1855 1775
1775 1855 1856
1775 1856 1776
1776 1856 1857
1776 1857 1777
1777 1857 1858
1777 1858 1778
1778 1858 1859
1778 1859 1779
1779 1859 1860
1779 1860 1780
1780 1860 1861
1780 1861 1781
1781 1861 1862
1781 1862 1782
1782 1862 1863
1782 1863 1783
1783 1863 1864
1783 1864 1784
1784 1864 1865
1784 1865 1785
1785 1865 1866
1785 1866 1786
1786 1866 1867
1786 1867 1787
1787 1867 1868
1787 1868 1788
1788 1868 1869
1788 1869 1789
1789 1869 1870
1789 1870 1790
1790 1870 1871
1790 1871 1791
1791 1871 1872
1791 1872 1792
1792 1872 1873
1792 1873 1793
1793 1873 1874
1793 1874 1794
1794 1874 1875
1794 1875 1795
1795 1875 1876
1795 1876 1796
1796 1876 1877
1796 1877 1797
1797 1877 1878
1797 1878 1798
1798 1878 1879
1798 1879 1799
1799 1879 1880
1799 1880 1800
1800 1880 1881
1800 1881 1801
1801 1881 1882
1801 1882 1802
1802 1882 1883
1802 1883 1803
1803 1883 1884
1803 1884 1804
1804 1884 1885
1804 1885 1805
1805 1885 1886
1805 1886 1806
1806 1886 1887
1806 1887 1807
1807 1887 1888
1807 1888 1808
1808 1888 1889
1808 1889 1809
1809 1889 1890
1809 1890 1810
1810 1890 1891
1810 1891 1811
1811 1891 1892
1811 1892 1812
1812 1892 1893
1812 1893 1813
1813 1893 1894
1813 1894 1814
1814 1894 1895
1814 1895 1815
1815 1895 1896
1815 1896 1816
1816 1896 1897
1816 1897 1817
1817 1897 1898
1817 1898 1818
1818 1898 1899
1818 1899 1819
1819 1899 1900
1819 1900 1820
1820 1900 1901
1820 1901 1821
1821 1901 1902
1821 1902 1822
1822 1902 1903
1822 1903 1823
1823 1903 1904
1823 1904 1824
1824 1904 1905
1824 1905 1825
1825 1905 1906
1825 1906 1826
1826 1906 1907
1826 1907 1827
1827 1907 1908
1827 1908 1828
1828 1908 1909
1828 1909 1829
1829 1909 1910
1829 1910 1830
1830 1910 1911
1830 1911 1831
1831 1911 1912
1831 1912 1832
1832 1912 1913
1832 1913 1833
1833 1913 1914
1833 1914 1834
1834 1914 1915
1834 1915 1835
1835 1915 1836
1835 1836 1756
1836 1916 1917
1836 1917 1837
1837 1917 1918
1837 1918 1838
1838 1918 1919
1838 1919 1839
1839 1919 1920
1839 1920 1840
1840 1920 1921
1840 1921 1841
1841 1921 1922
1841 1922 1842
1842 1922 1923
1842 1923 1843
1843 1923 1924
1843 1924 1844
1844 1924 1925
1844 1925 1845
1845 1925 1926
1845 1926 1846
1846 1926 1927
1846 1927 1847
1847 1927 1928
1847 1928 1848
1848 1928 1929
1848 1929 1849
1849 1929 1930
1849 1930 1850
1850 1930 1931
1850 1931 1851
1851 1931 1932
1851 1932 1852
1852 1932 1933
1852 1933 1853
1853 1933 1934
1853 1934 1854
1854 1934 1935
1854 1935 1855
1855 1935 1936
1855 1936 1856
1856 1936 1937
1856 1937 1857
1857 1937 1938
1857 1938 1858
1858 1938 1939
1858 1939 1859
1859 1939 1940
1859 1940 1860
1860 1940 1941
1860 1941 1861
1861 1941 1942
1861 1942 1862
1862 1942 1943
1862 1943 1863
1863 1943 1944
1863 1944 1864
1864 1944 1945
1864 1945 1865
1865 1945 1946
1865 1946 1866
1866 1946 1947
1866 1947 1867
1867 1947 1948
1867 1948 1868
1868 1948 1949
1868 1949 1869
1869 1949 1950
1869 1950 1870
1870 1950 1951
1870 1951 1871
1871 1951 1952
1871 1952 1872
1872 1952 1953
1872 1953 1873
1873 1953 1954
1873 1954 1874
1874 1954 1955
1874 1955 1875
1875 1955 1956
1875 1956 1876
1876 1956 1957
1876 1957 1877
1877 1957 1958
1877 1958 1878
1878 1958 1959
1878 1959 1879
1879 1959 1960
1879 1960 1880
1880 1960 1961
1880 1961 1881
1881 1961 1962
1881 1962 1882
1882 1962 1963
1882 1963 1883
1883 1963 1964
1883 1964 1884
1884 1964 1965
1884 1965 1885
1885 1965 1966
1885 1966 1886
1886 1966 1967
1886 1967 1887
1887 1967 1968
1887 1968 1888
1888 1968 1969
1888 1969 1889
1889 1969 1970
1889 1970 1890
1890 1970 1971
1890 1971 1891
1891 1971 1972
1891 1972 1892
1892 1972 1973
1892 1973 1893
1893 1973 1974
1893 1974 1894
1894 1974 1975
1894 1975 1895
1895 1975 1976
1895 1976 1896
1896 1976 1977
1896 1977 1897
1897 1977 1978
1897 1978 1898
1898 1978 1979
1898 1979 1899
1899 1979 1980
1899 1980 1900
1900 1980 1981
1900 1981 1901
1901 1981 1982
1901 1982 1902
1902 1982 1983
1902 1983 1903
1903 1983 1984
1903 1984 1904
1904 1984 1985
1904 1985 1905
1905 1985 1986
1905 1986 1906
1906 1986 1987
1906 1987 1907
1907 1987 1988
1907 1988 1908
1908 1988 1989
1908 1989 1909
1909 1989 1990
1909 1990 1910
1910 1990 1991
1910 1991 1911
1911 1991 1992
1911 1992 1912
1912 1992 1993
1912 1993 1913
1913 1993 1994
1913 1994 1914
1914 1994 1995
1914 1995 1915
1915 1995 1916
1915 1916 1836
1916 1996 1997
1916 1997 1917
1917 1997 1998
1917 1998 1918
1918 1998 1999
1918 1999 1919
1919 1999 2000
1919 2000 1920
1920 2000 2001
1920 2001 1921
1921 2001 2002
1921 2002 1922
1922 2002 2003
1922 2003 1923
1923 2003 2004
1923 2004 1924
1924 2004 2005
1924 2005 1925
1925 2005 2006
1925 2006 1926
1926 2006 2007
1926 2007 1927
1927 2007 2008
1927 2008 1928
1928 2008 2009
1928 2009 1929
1929 2009 2010
1929 2010 1930
1930 2010 2011
1930 2011 1931
1931 2011 2012
1931 2012 1932
1932 2012 2013
1932 2013 1933
1933 2013 2014
1933 2014 1934
1934 2014 2015
1934 2015 1935
1935 2015 2016
1935 2016 1936
1936 2016 2017
1936 2017 1937
1937 2017 2018
1937 2018 1938
1938 2018 2019
1938 2019 1939
1939 2019 2020
1939 2020 1940
1940 2020 2021
1940 2021 1941
1941 2021 2022
1941 2022 1942
1942 2022 2023
1942 2023 1943
1943 2023 2024
1943 2024 1944
1944 2024 2025
1944 2025 1945
1945 2025 2026
1945 2026 1946
1946 2026 2027
1946 2027 1947
1947 2027 2028
1947 2028 1948
1948 2028 2029
1948 2029 1949
1949 2029 2030
1949 2030 1950
1950 2030 2031
1950 2031 1951
1951 2031 2032
1951 2032 1952
1952 2032 2033
1952 2033 1953
1953 2033 2034
1953 2034 1954
1954 2034 2035
1954 2035 1955
1955 2035 2036
1955 2036 1956
1956 2036 2037
1956 2037 1957
1957 2037 2038
1957 2038 1958
1958 2038 2039
1958 2039 1959
1959 2039 2040
1959 2040 1960
1960 2040 2041
1960 2041 1961
1961 2041 2042
1961 2042 1962
1962 2042 2043
1962 2043 1963
1963 2043 2044
1963 2044 1964
1964 2044 2045
1964 2045 1965
1965 2045 2046
1965 2046 1966
1966 2046 2047
1966 2047 1967
1967 2047 2048
1967 2048 1968
1968 2048 2049
1968 2049 1969
1969 2049 2050
1969 2050 1970
1970 2050 2051
1970 2051 1971
1971 2051 2052
1971 2052 1972
1972 2052 2053
1972 2053 1973
1973 2053 2054
1973 2054 1974
1974 2054 2055
1974 2055 1975
1975 2055 2056
1975 2056 1976
1976 2056 2057
1976 2057 1977
1977 2057 2058
1977 2058 1978
1978 2058 2059
1978 2059 1979
1979 2059 2060
1979 2060 1980
1980 2060 2061
1980 2061 1981
1981 2061 2062
1981 2062 1982
1982 2062 2063
1982 2063 1983
1983 2063 2064
1983 2064 1984
1984 2064 2065
1984 2065 1985
1985 2065 2066
1985 2066 1986
1986 2066 2067
1986 2067 1987
1987 2067 2068
1987 2068 1988
1988 2068 2069
1988 2069 1989
1989 2069 2070
1989 2070 1990
1990 2070 2071
1990 2071 1991
1991 2071 2072
1991 2072 1992
1992 2072 2073
1992 2073 1993
1993 2073 2074
1993 2074 1994
1994 2074 2075
1994 2075 1995
1995 2075 1996
1995 1996 1916
1996 2076 2077
1996 2077 1997
1997 2077 2078
1997 2078 1998
1998 2078 2079
1998 2079 1999
1999 2079 2080
1999 2080 2000
2000 2080 2081
2000 2081 2001
2001 2081 2082
2001 2082 2002
2002 2082 2083
2002 2083 2003
2003 2083 2084
2003 2084 2004
2004 2084 2085
2004 2085 2005
2005 2085 2086
2005 2086 2006
2006 2086 2087
2006 2087 2007
2007 2087 2088
2007 2088 2008
2008 2088 2089
2008 2089 2009
2009 2089 2090
2009 2090 2010
2010 2090 2091
2010 2091 2011
2011 2091 2092
2011 2092 2012
2012 2092 2093
2012 2093 2013
2013 2093 2094
2013 2094 2014
2014 2094 2095
2014 2095 2015
2015 2095 2096
2015 2096 2016
2016 2096 2097
2016 2097 2017
2017 2097 2098
2017 2098 2018
2018 2098 2099
2018 2099 2019
2019 2099 2100
2019 2100 2020
2020 2100 2101
2020 2101 2021
2021 2101 2102
2021 2102 2022
2022 2102 2103
2022 2103 2023
2023 2103 2104
2023 2104 2024
2024 2104 2105
2024 2105 2025
2025 2105 2106
2025 2106 2026
2026 2106 2107
2026 2107 2027
2027 2107 2108
2027 2108 2028
2028 2108 2109
2028 2109 2029
2029 2109 2110
2029 2110 2030
2030 2110 2111
2030 2111 2031
2031 2111 2112
2031 2112 2032
2032 2112 2113
2032 2113 2033
2033 2113 2114
2033 2114 2034
2034 2114 2115
2034 2115 2035
2035 2115 2116
2035 2116 2036
2036 2116 2117
2036 2117 2037
2037 2117 2118
2037 2118 2038
2038 2118 2119
2038 2119 2039
2039 2119 2120
2039 2120 2040
2040 2120 2121
2040 2121 2041
2041 2121 2122
2041 2122 2042
2042 2122 2123
2042 2123 2043
2043 2123 2124
2043 2124 2044
2044 2124 2125
2044 2125 2045
2045 2125 2126
2045 2126 2046
2046 2126 2127
2046 2127 2047
2047 2127 2128
2047 2128 2048
2048 2128 2129
2048 2129 2049
2049 2129 2130
2049 2130 2050
2050 2130 2131
2050 2131 2051
2051 2131 2132
2051 2132 2052
2052 2132 2133
2052 2133 2053
2053 2133 2134
2053 2134 2054
2054 2134 2135
2054 2135 2055
2055 2135 2136
2055 2136 2056
2056 2136 2137
2056 2137 2057
2057 2137 2138
2057 2138 2058
2058 2138 2139
2058 2139 2059
2059 2139 2140
2059 2140 2060
2060 2140 2141
2060 2141 2061
2061 2141 2142
2061 2142 2062
2062 2142 2143
2062 2143 2063
2063 2143 2144
2063 2144 2064
2064 2144 2145
2064 2145 2065
2065 2145 2146
2065 2146 2066
2066 2146 2147
2066 2147 2067
2067 2147 2148
2067 2148 2068
2068 2148 2149
2068 2149 2069
2069 2149 2150
2069 2150 2070
2070 2150 2151
2070 2151 2071
2071 2151 2152
2071 2152 2072
2072 2152 2153
2072 2153 2073
2073 2153 2154
2073 2154 2074
2074 2154 2155
2074 2155 2075
2075 2155 2076
2075 2076 1996
2076 2156 2157
2076 2157 2077
2077 2157 2158
2077 2158 2078
2078 2158 2159
2078 2159 2079
2079 2159 2160
2079 2160 2080
2080 2160 2161
2080 2161 2081
2081 2161 2162
2081 2162 2082
2082 2162 2163
2082 2163 2083
2083 2163 2164
2083 2164 2084
2084 2164 2165
2084 2165 2085
2085 2165 2166
2085 2166 2086
2086 2166 2167
2086 2167 2087
2087 2167 2168
2087 2168 2088
2088 2168 2169
2088 2169 2089
2089 2169 2170
2089 2170 2090
2090 2170 2171
2090 2171 2091
2091 2171 2172
2091 2172 2092
2092 2172 2173
2092 2173 2093
2093 2173 2174
2093 2174 2094
2094 2174 2175
2094 2175 2095
2095 2175 2176
2095 2176 2096
2096 2176 2177
2096 2177 2097
2097 2177 2178
2097 2178 2098
2098 2178 2179
2098 2179 2099
2099 2179 2180
2099 2180 2100
2100 2180 2181
2100 2181 2101
2101 2181 2182
2101 2182 2102
2102 2182 2183
2102 2183 2103
2103 2183 2184
2103 2184 2104
2104 2184 2185
2104 2185 2105
2105 2185 2186
2105 2186 2106
2106 2186 2187
2106 2187 2107
2107 2187 2188
2107 2188 2108
2108 2188 2189
2108 2189 2109
2109 2189 2190
2109 2190 2110
2110 2190 2191
2110 2191 2111
2111 2191 2192
2111 2192 2112
2112 2192 2193
2112 2193 2113
2113 2193 2194
2113 2194 2114
2114 2194 2195
2114 2195 2115
2115 2195 2196
2115 2196 2116
2116 2196 2197
2116 2197 2117
2117 2197 2198
2117 2198 2118
2118 2198 2199
2118 2199 2119
2119 2199 2200
2119 2200 2120
2120 2200 2201
2120 2201 2121
2121 2201 2202
2121 2202 2122
2122 2202 2203
2122 2203 2123
2123 2203 2204
2123 2204 2124
2124 2204 2205
2124 2205 2125
2125 2205 2206
2125 2206 2126
2126 2206 2207
2126 2207 2127
2127 2207 2208
2127 2208 2128
2128 2208 2209
2128 2209 2129
2129 2209 2210
2129 2210 2130
2130 2210 2211
2130 2211 2131
2131 2211 2212
2131 2212 2132
2132 2212 2213
2132 2213 2133
2133 2213 2214
2133 2214 2134
2134 2214 2215
2134 2215 2135
2135 2215 2216
2135 2216 2136
2136 2216 2217
2136 2217 2137
2137 2217 2218
2137 2218 2138
2138 2218 2219
2138 2219 2139
2139 2219 2220
2139 2220 2140
2140 2220 2221
2140 2221 2141
2141 2221 2222
2141 2222 2142
2142 2222 2223
2142 2223 2143
2143 2223 2224
2143 2224 2144
2144 2224 2225
2144 2225 2145
2145 2225 2226
2145 2226 2146
2146 2226 2227
2146 2227 2147
2147 2227 2228
2147 2228 2148
2148 2228 2229
2148 2229 2149
2149 2229 2230
2149 2230 2150
2150 2230 2231
2150 2231 2151
2151 2231 2232
2151 2232 2152
2152 2232 2233
2152 2233 2153
2153 2233 2234
2153 2234 2154
2154 2234 2235
2154 2235 2155
2155 2235 2156
2155 2156 2076
2156 2236 2237
2156 2237 2157
2157 2237 2238
2157 2238 2158
2158 2238 2239
2158 2239 2159
2159 2239 2240
2159 2240 2160
2160 2240 2241
2160 2241 2161
2161 2241 2242
2161 2242 2162
2162 2242 2243
2162 2243 2163
2163 2243 2244
2163 2244 2164
2164 2244 2245
2164 2245 2165
2165 2245 2246
2165 2246 2166
2166 2246 2247
2166 2247 2167
2167 2247 2248
2167 2248 2168
2168 2248 2249
2168 2249 2169
2169 2249 2250
2169 2250 2170
2170 2250 2251
2170 2251 2171
2171 2251 2252
2171 2252 2172
2172 2252 2253
2172 2253 2173
2173 2253 2254
2173 2254 2174
2174 2254 2255
2174 2255 2175
2175 2255 2256
2175 2256 2176
2176 2256 2257
2176 2257 2177
2177 2257 2258
2177 2258 2178
2178 2258 2259
2178 2259 2179
2179 2259 2260
2179 2260 2180
2180 2260 2261
2180 2261 2181
2181 2261 2262
2181 2262 2182
2182 2262 2263
2182 2263 2183
2183 2263 2264
2183 2264 2184
2184 2264 2265
2184 2265 2185
2185 2265 2266
2185 2266 2186
2186 2266 2267
2186 2267 2187
2187 2267 2268
2187 2268 2188
2188 2268 2269
2188 2269 2189
2189 2269 2270
2189 2270 2190
2190 2270 2271
2190 2271 2191
2191 2271 2272
2191 2272 2192
2192 2272 2273
2192 2273 2193
2193 2273 2274
2193 2274 2194
2194 2274 2275
2194 2275 2195
2195 2275 2276
2195 2276 2196
2196 2276 2277
2196 2277 2197
2197 2277 2278
2197 2278 2198
2198 2278 2279
2198 2279 2199
2199 2279 2280
2199 2280 2200
2200 2280 2281
2200 2281 2201
2201 2281 2282
2201 2282 2202
2202 2282 2283
2202 2283 2203
2203 2283 2284
2203 2284 2204
2204 2284 2285
2204 2285 2205
2205 2285 2286
2205 2286 2206
2206 2286 2287
2206 2287 2207
2207 2287 2288
2207 2288 2208
2208 2288 2289
2208 2289 2209
2209 2289 2290
2209 2290 2210
2210 2290 2291
2210 2291 2211
2211 2291 2292
2211 2292 2212
2212 2292 2293
2212 2293 2213
2213 2293 2294
2213 2294 2214
2214 2294 2295
2214 2295 2215
2215 2295 2296
2215 2296 2216
2216 2296 2297
2216 2297 2217
2217 2297 2298
2217 2298 2218
2218 2298 2299
2218 2299 2219
2219 2299 2300
2219 2300 2220
2220 2300 2301
2220 2301 2221
2221 2301 2302
2221 2302 2222
2222 2302 2303
2222 2303 2223
2223 2303 2304
2223 2304 2224
2224 2304 2305
2224 2305 2225
2225 2305 2306
2225 2306 2226
2226 2306 2307
2226 2307 2227
2227 2307 2308
2227 2308 2228
2228 2308 2309
2228 2309 2229
2229 2309 2310
2229 2310 2230
2230 2310 2311
2230 2311 2231
2231 2311 2312
2231 2312 2232
2232 2312 2313
2232 2313 2233
2233 2313 2314
2233 2314 2234
2234 2314 2315
2234 2315 2235
2235 2315 2236
2235 2236 2156
2236 2316 2317
2236 2317 2237
2237 2317 2318
2237 2318 2238
2238 2318 2319
2238 2319 2239
2239 2319 2320
2239 2320 2240
2240 2320 2321
2240 2321 2241
2241 2321 2322
2241 2322 2242
2242 2322 2323
2242 2323 2243
2243 2323 2324
2243 2324 2244
2244 2324 2325
2244 2325 2245
2245 2325 2326
2245 2326 2246
2246 2326 2327
2246 2327 2247
2247 2327 2328
2247 2328 2248
2248 2328 2329
2248 2329 2249
2249 2329 2330
2249 2330 2250
2250 2330 2331
2250 2331 2251
2251 2331 2332
2251 2332 2252
2252 2332 2333
2252 2333 2253
2253 2333 2334
2253 2334 2254
2254 2334 2335
2254 2335 2255
2255 2335 2336
2255 2336 2256
2256 2336 2337
2256 2337 2257
2257 2337 2338
2257 2338 2258
2258 2338 2339
2258 2339 2259
2259 2339 2340
2259 2340 2260
2260 2340 2341
2260 2341 2261
2261 2341 2342
2261 2342 2262
2262 2342 2343
2262 2343 2263
2263 2343 2344
2263 2344 2264
2264 2344 2345
2264 2345 2265
2265 2345 2346
2265 2346 2266
2266 2346 2347
2266 2347 2267
2267 2347 2348
2267 2348 2268
2268 2348 2349
2268 2349 2269
2269 2349 2350
2269 2350 2270
2270 2350 2351
2270 2351 2271
2271 2351 2352
2271 2352 2272
2272 2352 2353
2272 2353 2273
2273 2353 2354
2273 2354 2274
2274 2354 2355
2274 2355 2275
2275 2355 2356
2275 2356 2276
2276 2356 2357
2276 2357 2277
2277 2357 2358
2277 2358 2278
2278 2358 2359
2278 2359 2279
2279 2359 2360
2279 2360 2280
2280 2360 2361
2280 2361 2281
2281 2361 2362
2281 2362 2282
2282 2362 2363
2282 2363 2283
2283 2363 2364
2283 2364 2284
2284 2364 2365
2284 2365 2285
2285 2365 2366
2285 2366 2286
2286 2366 2367
2286 2367 2287
2287 2367 2368
2287 2368 2288
2288 2368 2369
2288 2369 2289
2289 2369 2370
2289 2370 2290
2290 2370 2371
2290 2371 2291
2291 2371 2372
2291 2372 2292
2292 2372 2373
2292 2373 2293
2293 2373 2374
2293 2374 2294
2294 2374 2375
2294 2375 2295
2295 2375 2376
2295 2376 2296
2296 2376 2377
2296 2377 2297
2297 2377 2378
2297 2378 2298
2298 2378 2379
2298 2379 2299
2299 2379 2380
2299 2380 2300
2300 2380 2381
2300 2381 2301
2301 2381 2382
2301 2382 2302
2302 2382 2383
2302 2383 2303
2303 2383 2384
2303 2384 2304
2304 2384 2385
2304 2385 2305
2305 2385 2386
2305 2386 2306
2306 2386 2387
2306 2387 2307
2307 2387 2388
2307 2388 2308
2308 2388 2389
2308 2389 2309
2309 2389 2390
2309 2390 2310
2310 2390 2391
2310 2391 2311
2311 2391 2392
2311 2392 2312
2312 2392 2393
2312 2393 2313
2313 2393 2394
2313 2394 2314
2314 2394 2395
2314 2395 2315
2315 2395 2316
2315 2316 2236
2316 2396 2397
2316 2397 2317
2317 2397 2398
2317 2398 2318
2318 2398 2399
2318 2399 2319
2319 2399 2400
2319 2400 2320
2320 2400 2401
2320 2401 2321
2321 2401 2402
2321 2402 2322
2322 2402 2403
2322 2403 2323
2323 2403 2404
2323 2404 2324
2324 2404 2405
2324 2405 2325
2325 2405 2406
2325 2406 2326
2326 2406 2407
2326 2407 2327
2327 2407 2408
2327 2408 2328
2328 2408 2409
2328 2409 2329
2329 2409 2410
2329 2410 2330
2330 2410 2411
2330 2411 2331
2331 2411 2412
2331 2412 2332
2332 2412 2413
2332 2413 2333
2333 2413 2414
2333 2414 2334
2334 2414 2415
2334 2415 2335
2335 2415 2416
2335 2416 2336
2336 2416 2417
2336 2417 2337
2337 2417 2418
2337 2418 2338
2338 2418 2419
2338 2419 2339
2339 2419 2420
2339 2420 2340
2340 2420 2421
2340 2421 2341
2341 2421 2422
2341 2422 2342
2342 2422 2423
2342 2423 2343
2343 2423 2424
2343 2424 2344
2344 2424 2425
2344 2425 2345
2345 2425 2426
2345 2426 2346
2346 2426 2427
2346 2427 2347
2347 2427 2428
2347 2428 2348
2348 2428 2429
2348 2429 2349
2349 2429 2430
2349 2430 2350
2350 2430 2431
2350 2431 2351
2351 2431 2432
2351 2432 2352
2352 2432 2433
2352 2433 2353
2353 2433 2434
2353 2434 2354
2354 2434 2435
2354 2435 2355
2355 2435 2436
2355 2436 2356
2356 2436 2437
2356 2437 2357
2357 2437 2438
2357 2438 2358
2358 2438 2439
2358 2439 2359
2359 2439 2440
2359 2440 2360
2360 2440 2441
2360 2441 2361
2361 2441 2442
2361 2442 2362
2362 2442 2443
2362 2443 2363
2363 2443 2444
2363 2444 2364
2364 2444 2445
2364 2445 2365
2365 2445 2446
2365 2446 2366
2366 2446 2447
2366 2447 2367
2367 2447 2448
2367 2448 2368
2368 2448 2449
2368 2449 2369
2369 2449 2450
2369 2450 2370
2370 2450 2451
2370 2451 2371
2371 2451 2452
2371 2452 2372
2372 2452 2453
2372 2453 2373
2373 2453 2454
2373 2454 2374
2374 2454 2455
2374 2455 2375
2375 2455 2456
2375 2456 2376
2376 2456 2457
2376 2457 2377
2377 2457 2458
2377 2458 2378
2378 2458 2459
2378 2459 2379
2379 2459 2460
2379 2460 2380
2380 2460 2461
2380 2461 2381
2381 2461 2462
2381 2462 2382
2382 2462 2463
2382 2463 2383
2383 2463 2464
2383 2464 2384
2384 2464 2465
2384 2465 2385
2385 2465 2466
2385 2466 2386
2386 2466 2467
2386 2467 2387
2387 2467 2468
2387 2468 2388
2388 2468 2469
2388 2469 2389
2389 2469 2470
2389 2470 2390
2390 2470 2471
2390 2471 2391
2391 2471 2472
2391 2472 2392
2392 2472 2473
2392 2473 2393
2393 2473 2474
2393 2474 2394
2394 2474 2475
2394 2475 2395
2395 2475 2396
2395 2396 2316
2396 2476 2477
2396 2477 2397
2397 2477 2478
2397 2478 2398
2398 2478 2479
2398 2479 2399
2399 2479 2480
2399 2480 2400
2400 2480 2481
2400 2481 2401
2401 2481 2482
2401 2482 2402
2402 2482 2483
2402 2483 2403
2403 2483 2484
2403 2484 2404
2404 2484 2485
2404 2485 2405
2405 2485 2486
2405 2486 2406
2406 2486 2487
2406 2487 2407
2407 2487 2488
2407 2488 2408
2408 2488 2489
2408 2489 2409
2409 2489 2490
2409 2490 2410
2410 2490 2491
2410 2491 2411
2411 2491 2492
2411 2492 2412
2412 2492 2493
2412 2493 2413
2413 2493 2494
2413 2494 2414
2414 2494 2495
2414 2495 2415
2415 2495 2496
2415 2496 2416
2416 2496 2497
2416 2497 2417
2417 2497 2498
2417 2498 2418
2418 2498 2499
2418 2499 2419
2419 2499 2500
2419 2500 2420
2420 2500 2501
2420 2501 2421
2421 2501 2502
2421 2502 2422
2422 2502 2503
2422 2503 2423
2423 2503 2504
2423 2504 2424
2424 2504 2505
2424 2505 2425
2425 2505 2506
2425 2506 2426
2426 2506 2507
2426 2507 2427
2427 2507 2508
2427 2508 2428
2428 2508 2509
2428 2509 2429
2429 2509 2510
2429 2510 2430
2430 2510 2511
2430 2511 2431
2431 2511 2512
2431 2512 2432
2432 2512 2513
2432 2513 2433
2433 2513 2514
2433 2514 2434
2434 2514 2515
2434 2515 2435
2435 2515 2516
2435 2516 2436
2436 2516 2517
2436 2517 2437
2437 2517 2518
2437 2518 2438
2438 2518 2519
2438 2519 2439
2439 2519 2520
2439 2520 2440
2440 2520 2521
2440 2521 2441
2441 2521 2522
2441 2522 2442
2442 2522 2523
2442 2523 2443
2443 2523 2524
2443 2524 2444
2444 2524 2525
2444 2525 2445
2445 2525 2526
2445 2526 2446
2446 2526 2527
2446 2527 2447
2447 2527 2528
2447 2528 2448
2448 2528 2529
2448 2529 2449
2449 2529 2530
2449 2530 2450
2450 2530 2531
2450 2531 2451
2451 2531 2532
2451 2532 2452
2452 2532 2533
2452 2533 2453
2453 2533 2534
2453 2534 2454
2454 2534 2535
2454 2535 2455
2455 2535 2536
2455 2536 2456
2456 2536 2537
2456 2537 2457
2457 2537 2538
2457 2538 2458
2458 2538 2539
2458 2539 2459
2459 2539 2540
2459 2540 2460
2460 2540 2541
2460 2541 2461
2461 2541 2542
2461 2542 2462
2462 2542 2543
2462 2543 2463
2463 2543 2544
2463 2544 2464
2464 2544 2545
2464 2545 2465
2465 2545 2546
2465 2546 2466
2466 2546 2547
2466 2547 2467
2467 2547 2548
2467 2548 2468
2468 2548 2549
2468 2549 2469
2469 2549 2550
2469 2550 2470
2470 2550 2551
2470 2551 2471
2471 2551 2552
2471 2552 2472
2472 2552 2553
2472 2553 2473
2473 2553 2554
2473 2554 2474
2474 2554 2555
2474 2555 2475
2475 2555 2476
2475 2476 2396
2476 2556 2557
2476 2557 2477
2477 2557 2558
2477 2558 2478
2478 2558 2559
2478 2559 2479
2479 2559 2560
2479 2560 2480
2480 2560 2561
2480 2561 2481
2481 2561 2562
2481 2562 2482
2482 2562 2563
2482 2563 2483
2483 2563 2564
2483 2564 2484
2484 2564 2565
2484 2565 2485
2485 2565 2566
2485 2566 2486
2486 2566 2567
2486 2567 2487
2487 2567 2568
2487 2568 2488
2488 2568 2569
2488 2569 2489
2489 2569 2570
2489 2570 2490
2490 2570 2571
2490 2571 2491
2491 2571 2572
2491 2572 2492
2492 2572 2573
2492 2573 2493
2493 2573 2574
2493 2574 2494
2494 2574 2575
2494 2575 2495
2495 2575 2576
2495 2576 2496
2496 2576 2577
2496 2577 2497
2497 2577 2578
2497 2578 2498
2498 2578 2579
2498 2579 2499
2499 2579 2580
2499 2580 2500
2500 2580 2581
2500 2581 2501
2501 2581 2582
2501 2582 2502
2502 2582 2583
2502 2583 2503
2503 2583 2584
2503 2584 2504
2504 2584 2585
2504 2585 2505
2505 2585 2586
2505 2586 2506
2506 2586 2587
2506 2587 2507
2507 2587 2588
2507 2588 2508
2508 2588 2589
2508 2589 2509
2509 2589 2590
2509 2590 2510
2510 2590 2591
2510 2591 2511
2511 2591 2592
2511 2592 2512
2512 2592 2593
2512 2593 2513
2513 2593 2594
2513 2594 2514
2514 2594 2595
2514 2595 2515
2515 2595 2596
2515 2596 2516
2516 2596 2597
2516 2597 2517
2517 2597 2598
2517 2598 2518
2518 2598 2599
2518 2599 2519
2519 2599 2600
2519 2600 2520
2520 2600 2601
2520 2601 2521
2521 2601 2602
2521 2602 2522
2522 2602 2603
2522 2603 2523
2523 2603 2604
2523 2604 2524
2524 2604 2605
2524 2605 2525
2525 2605 2606
2525 2606 2526
2526 2606 2607
2526 2607 2527
2527 2607 2608
2527 2608 2528
2528 2608 2609
2528 2609 2529
2529 2609 2610
2529 2610 2530
2530 2610 2611
2530 2611 2531
2531 2611 2612
2531 2612 2532
2532 2612 2613
2532 2613 2533
2533 2613 2614
2533 2614 2534
2534 2614 2615
2534 2615 2535
2535 2615 2616
2535 2616 2536
2536 2616 2617
2536 2617 2537
2537 2617 2618
2537 2618 2538
2538 2618 2619
2538 2619 2539
2539 2619 2620
2539 2620 2540
2540 2620 2621
2540 2621 2541
2541 2621 2622
2541 2622 2542
2542 2622 2623
2542 2623 2543
2543 2623 2624
2543 2624 2544
2544 2624 2625
2544 2625 2545
2545 2625 2626
2545 2626 2546
2546 2626 2627
2546 2627 2547
2547 2627 2628
2547 2628 2548
2548 2628 2629
2548 2629 2549
2549 2629 2630
2549 2630 2550
2550 2630 2631
2550 2631 2551
2551 2631 2632
2551 2632 2552
2552 2632 2633
2552 2633 2553
2553 2633 2634
2553 2634 2554
2554 2634 2635
2554 2635 2555
2555 2635 2556
2555 2556 2476
2556 2636 2637
2556 2637 2557
2557 2637 2638
2557 2638 2558
2558 2638 2639
2558 2639 2559
2559 2639 2640
2559 2640 2560
2560 2640 2641
2560 2641 2561
2561 2641 2642
2561 2642 2562
2562 2642 2643
2562 2643 2563
2563 2643 2644
2563 2644 2564
2564 2644 2645
2564 2645 2565
2565 2645 2646
2565 2646 2566
2566 2646 2647
2566 2647 2567
2567 2647 2648
2567 2648 2568
2568 2648 2649
2568 2649 2569
2569 2649 2650
2569 2650 2570
2570 2650 2651
2570 2651 2571
2571 2651 2652
2571 2652 2572
2572 2652 2653
2572 2653 2573
2573 2653 2654
2573 2654 2574
2574 2654 2655
2574 2655 2575
2575 2655 2656
2575 2656 2576
2576 2656 2657
2576 2657 2577
2577 2657 2658
2577 2658 2578
2578 2658 2659
2578 2659 2579
2579 2659 2660
2579 2660 2580
2580 2660 2661
2580 2661 2581
2581 2661 2662
2581 2662 2582
2582 2662 2663
2582 2663 2583
2583 2663 2664
2583 2664 2584
2584 2664 2665
2584 2665 2585
2585 2665 2666
2585 2666 2586
2586 2666 2667
2586 2667 2587
2587 2667 2668
2587 2668 2588
2588 2668 2669
2588 2669 2589
2589 2669 2670
2589 2670 2590
2590 2670 2671
2590 2671 2591
2591 2671 2672
2591 2672 2592
2592 2672 2673
2592 2673 2593
2593 2673 2674
2593 2674 2594
2594 2674 2675
2594 2675 2595
2595 2675 2676
2595 2676 2596
2596 2676 2677
2596 2677 2597
2597 2677 2678
2597 2678 2598
2598 2678 2679
2598 2679 2599
2599 2679 2680
2599 2680 2600
2600 2680 2681
2600 2681 2601
2601 2681 2682
2601 2682 2602
2602 2682 2683
2602 2683 2603
2603 2683 2684
2603 2684 2604
2604 2684 2685
2604 2685 2605
2605 2685 2686
2605 2686 2606
2606 2686 2687
2606 2687 2607
2607 2687 2688
2607 2688 2608
2608 2688 2689
2608 2689 2609
2609 2689 2690
2609 2690 2610
2610 2690 2691
2610 2691 2611
2611 2691 2692
2611 2692 2612
2612 2692 2693
2612 2693 2613
2613 2693 2694
2613 2694 2614
2614 2694 2695
2614 2695 2615
2615 2695 2696
2615 2696 2616
2616 2696 2697
2616 2697 2617
2617 2697 2698
2617 2698 2618
2618 2698 2699
2618 2699 2619
2619 2699 2700
2619 2700 2620
2620 2700 2701
2620 2701 2621
2621 2701 2702
2621 2702 2622
2622 2702 2703
2622 2703 2623
2623 2703 2704
2623 2704 2624
2624 2704 2705
2624 2705 2625
2625 2705 2706
2625 2706 2626
2626 2706 2707
2626 2707 2627
2627 2707 2708
2627 2708 2628
2628 2708 2709
2628 2709 2629
2629 2709 2710
2629 2710 2630
2630 2710 2711
2630 2711 2631
2631 2711 2712
2631 2712 2632
2632 2712 2713
2632 2713 2633
2633 2713 2714
2633 2714 2634
2634 2714 2715
2634 2715 2635
2635 2715 2636
2635 2636 2556
2636 2716 2717
2636 2717 2637
2637 2717 2718
2637 2718 2638
2638 2718 2719
2638 2719 2639
2639 2719 2720
2639 2720 2640
2640 2720 2721
2640 2721 2641
2641 2721 2722
2641 2722 2642
2642 2722 2723
2642 2723 2643
2643 2723 2724
2643 2724 2644
2644 2724 2725
2644 2725 2645
2645 2725 2726
2645 2726 2646
2646 2726 2727
2646 2727 2647
2647 2727 2728
2647 2728 2648
2648 2728 2729
2648 2729 2649
2649 2729 2730
2649 2730 2650
2650 2730 2731
2650 2731 2651
2651 2731 2732
2651 2732 2652
2652 2732 2733
2652 2733 2653
2653 2733 2734
2653 2734 2654
2654 2734 2735
2654 2735 2655
2655 2735 2736
2655 2736 2656
2656 2736 2737
2656 2737 2657
2657 2737 2738
2657 2738 2658
2658 2738 2739
2658 2739 2659
2659 2739 2740
2659 2740 2660
2660 2740 2741
2660 2741 2661
2661 2741 2742
2661 2742 2662
2662 2742 2743
2662 2743 2663
2663 2743 2744
2663 2744 2664
2664 2744 2745
2664 2745 2665
2665 2745 2746
2665 2746 2666
2666 2746 2747
2666 2747 2667
2667 2747 2748
2667 2748 2668
2668 2748 2749
2668 2749 2669
2669 2749 2750
2669 2750 2670
2670 2750 2751
2670 2751 2671
2671 2751 2752
2671 2752 2672
2672 2752 2753
2672 2753 2673
2673 2753 2754
2673 2754 2674
2674 2754 2755
2674 2755 2675
2675 2755 2756
2675 2756 2676
2676 2756 2757
2676 2757 2677
2677 2757 2758
2677 2758 2678
2678 2758 2759
2678 2759 2679
2679 2759 2760
2679 2760 2680
2680 2760 2761
2680 2761 2681
2681 2761 2762
2681 2762 2682
2682 2762 2763
2682 2763 2683
2683 2763 2764
2683 2764 2684
2684 2764 2765
2684 2765 2685
2685 2765 2766
2685 2766 2686
2686 2766 2767
2686 2767 2687
2687 2767 2768
2687 2768 2688
2688 2768 2769
2688 2769 2689
2689 2769 2770
2689 2770 2690
2690 2770 2771
2690 2771 2691
2691 2771 2772
2691 2772 2692
2692 2772 2773
2692 2773 2693
2693 2773 2774
2693 2774 2694
2694 2774 2775
2694 2775 2695
2695 2775 2776
2695 2776 2696
2696 2776 2777
2696 2777 2697
2697 2777 2778
2697 2778 2698
2698 2778 2779
2698 2779 2699
2699 2779 2780
2699 2780 2700
2700 2780 2781
2700 2781 2701
2701 2781 2782
2701 2782 2702
2702 2782 2783
2702 2783 2703
2703 2783 2784
2703 2784 2704
2704 2784 2785
2704 2785 2705
2705 2785 2786
2705 2786 2706
2706 2786 2787
2706 2787 2707
2707 2787 2788
2707 2788 2708
2708 2788 2789
2708 2789 2709
2709 2789 2790
2709 2790 2710
2710 2790 2791
2710 2791 2711
2711 2791 2792
2711 2792 2712
2712 2792 2793
2712 2793 2713
2713 2793 2794
2713 2794 2714
2714 2794 2795
2714 2795 2715
2715 2795 2716
2715 2716 2636
2716 2796 2797
2716 2797 2717
2717 2797 2798
2717 2798 2718
2718 2798 2799
2718 2799 2719
2719 2799 2800
2719 2800 2720
2720 2800 2801
2720 2801 2721
2721 2801 2802
2721 2802 2722
2722 2802 2803
2722 2803 2723
2723 2803 2804
2723 2804 2724
2724 2804 2805
2724 2805 2725
2725 2805 2806
2725 2806 2726
2726 2806 2807
2726 2807 2727
2727 2807 2808
2727 2808 2728
2728 2808 2809
2728 2809 2729
2729 2809 2810
2729 2810 2730
2730 2810 2811
2730 2811 2731
2731 2811 2812
2731 2812 2732
2732 2812 2813
2732 2813 2733
2733 2813 2814
2733 2814 2734
2734 2814 2815
2734 2815 2735
2735 2815 2816
2735 2816 2736
2736 2816 2817
2736 2817 2737
2737 2817 2818
2737 2818 2738
2738 2818 2819
2738 2819 2739
2739 2819 2820
2739 2820 2740
2740 2820 2821
2740 2821 2741
2741 2821 2822
2741 2822 2742
2742 2822 2823
2742 2823 2743
2743 2823 2824
2743 2824 2744
2744 2824 2825
2744 2825 2745
2745 2825 2826
2745 2826 2746
2746 2826 2827
2746 2827 2747
2747 2827 2828
2747 2828 2748
2748 2828 2829
2748 2829 2749
2749 2829 2830
2749 2830 2750
2750 2830 2831
2750 2831 2751
2751 2831 2832
2751 2832 2752
2752 2832 2833
2752 2833 2753
2753 2833 2834
2753 2834 2754
2754 2834 2835
2754 2835 2755
2755 2835 2836
2755 2836 2756
2756 2836 2837
2756 2837 2757
2757 2837 2838
2757 2838 2758
2758 2838 2839
2758 2839 2759
2759 2839 2840
2759 2840 2760
2760 2840 2841
2760 2841 2761
2761 2841 2842
2761 2842 2762
2762 2842 2843
2762 2843 2763
2763 2843 2844
2763 2844 2764
2764 2844 2845
2764 2845 2765
2765 2845 2846
2765 2846 2766
2766 2846 2847
2766 2847 2767
2767 2847 2848
2767 2848 2768
2768 2848 2849
2768 2849 2769
2769 2849 2850
2769 2850 2770
2770 2850 2851
2770 2851 2771
2771 2851 2852
2771 2852 2772
2772 2852 2853
2772 2853 2773
2773 2853 2854
2773 2854 2774
2774 2854 2855
2774 2855 2775
2775 2855 2856
2775 2856 2776
2776 2856 2857
2776 2857 2777
2777 2857 2858
2777 2858 2778
2778 2858 2859
2778 2859 2779
2779 2859 2860
2779 2860 2780
2780 2860 2861
2780 2861 2781
2781 2861 2862
2781 2862 2782
2782 2862 2863
2782 2863 2783
2783 2863 2864
2783 2864 2784
2784 2864 2865
2784 2865 2785
2785 2865 2866
2785 2866 2786
2786 2866 2867
2786 2867 2787
2787 2867 2868
2787 2868 2788
2788 2868 2869
2788 2869 2789
2789 2869 2870
2789 2870 2790
2790 2870 2871
2790 2871 2791
2791 2871 2872
2791 2872 2792
2792 2872 2873
2792 2873 2793
2793 2873 2874
2793 2874 2794
2794 2874 2875
2794 2875 2795
2795 2875 2796
2795 2796 2716
2796 2876 2877
2796 2877 2797
2797 2877 2878
2797 2878 2798
2798 2878 2879
2798 2879 2799
2799 2879 2880
2799 2880 2800
2800 2880 2881
2800 2881 2801
2801 2881 2882
2801 2882 2802
2802 2882 2883
2802 2883 2803
2803 2883 2884
2803 2884 2804
2804 2884 2885
2804 2885 2805
2805 2885 2886
2805 2886 2806
2806 2886 2887
2806 2887 2807
2807 2887 2888
2807 2888 2808
2808 2888 2889
2808 2889 2809
2809 2889 2890
2809 2890 2810
2810 2890 2891
2810 2891 2811
2811 2891 2892
2811 2892 2812
2812 2892 2893
2812 2893 2813
2813 2893 2894
2813 2894 2814
2814 2894 2895
2814 2895 2815
2815 2895 2896
2815 2896 2816
2816 2896 2897
2816 2897 2817
2817 2897 2898
2817 2898 2818
2818 2898 2899
2818 2899 2819
2819 2899 2900
2819 2900 2820
2820 2900 2901
2820 2901 2821
2821 2901 2902
2821 2902 2822
2822 2902 2903
2822 2903 2823
2823 2903 2904
2823 2904 2824
2824 2904 2905
2824 2905 2825
2825 2905 2906
2825 2906 2826
2826 2906 2907
2826 2907 2827
2827 2907 2908
2827 2908 2828
2828 2908 2909
2828 2909 2829
2829 2909 2910
2829 2910 2830
2830 2910 2911
2830 2911 2831
2831 2911 2912
2831 2912 2832
2832 2912 2913
2832 2913 2833
2833 2913 2914
2833 2914 2834
2834 2914 2915
2834 2915 2835
2835 2915 2916
2835 2916 2836
2836 2916 2917
2836 2917 2837
2837 2917 2918
2837 2918 2838
2838 2918 2919
2838 2919 2839
2839 2919 2920
2839 2920 2840
2840 2920 2921
2840 2921 2841
2841 2921 2922
2841 2922 2842
2842 2922 2923
2842 2923 2843
2843 2923 2924
2843 2924 2844
2844 2924 2925
2844 2925 2845
2845 2925 2926
2845 2926 2846
2846 2926 2927
2846 2927 2847
2847 2927 2928
2847 2928 2848
2848 2928 2929
2848 2929 2849
2849 2929 2930
2849 2930 2850
2850 2930 2931
2850 2931 2851
2851 2931 2932
2851 2932 2852
2852 2932 2933
2852 2933 2853
2853 2933 2934
2853 2934 2854
2854 2934 2935
2854 2935 2855
2855 2935 2936
2855 2936 2856
2856 2936 2937
2856 2937 2857
2857 2937 2938
2857 2938 2858
2858 2938 2939
2858 2939 2859
2859 2939 2940
2859 2940 2860
2860 2940 2941
2860 2941 2861
2861 2941 2942
2861 2942 2862
2862 2942 2943
2862 2943 2863
2863 2943 2944
2863 2944 2864
2864 2944 2945
2864 2945 2865
2865 2945 2946
2865 2946 2866
2866 2946 2947
2866 2947 2867
2867 2947 2948
2867 2948 2868
2868 2948 2949
2868 2949 2869
2869 2949 2950
2869 2950 2870
2870 2950 2951
2870 2951 2871
2871 2951 2952
2871 2952 2872
2872 2952 2953
2872 2953 2873
2873 2953 2954
2873 2954 2874
2874 2954 2955
2874 2955 2875
2875 2955 2876
2875 2876 2796
